0.487528 -0.87274 0.0253312 0.693399 0.873031 0.487663 -0.00095341 0.549401 -0.011521 0.0225798 0.999679 0.782934
0.485763 -0.873752 0.024332 4.27656 0.87403 0.485869 -0.00174955 7.40739 -0.0102935 0.0221168 0.999702 0.792099
0.483996 -0.874759 0.0233359 4.67292 0.875023 0.484074 -0.00254997 8.1699 -0.00906569 0.0216536 0.999724 0.794146
0.482225 -0.875762 0.0223431 5.06937 0.876012 0.482277 -0.00335446 8.93259 -0.00783787 0.0211904 0.999745 0.796192
0.480565 -0.87665 0.0232866 5.46742 0.876925 0.48061 -0.00401009 9.69528 -0.0076763 0.0223477 0.999721 0.796822
0.478683 -0.87775 0.0204598 5.86008 0.877971 0.478688 -0.00496788 10.4549 -0.0054333 0.0203412 0.999778 0.800495
0.477284 -0.878556 0.0184031 6.2579 0.878745 0.477243 -0.00686302 11.219 -0.00275319 0.0194472 0.999807 0.803589
0.475569 -0.879562 0.0143053 6.65569 0.879678 0.475521 -0.0068145 11.9936 -0.000808696 0.0158249 0.999874 0.806934
0.474329 -0.880248 0.0132121 7.05804 0.880347 0.474292 -0.00604467 12.7787 -0.000945582 0.0144984 0.999894 0.808936
0.472888 -0.881008 0.0142354 7.46666 0.881119 0.472871 -0.00474069 13.572 -0.00255493 0.0147849 0.999887 0.811477
0.471519 -0.881732 0.0147828 7.8774 0.881847 0.471523 -0.00340713 14.3728 -0.00396623 0.0146427 0.999885 0.817116
0.470459 -0.882287 0.0154489 8.29446 0.882411 0.47047 -0.00315605 15.1767 -0.00448371 0.0151171 0.999876 0.8216
0.468958 -0.883093 0.0150211 8.70939 0.883212 0.468959 -0.0036732 15.9877 -0.0038005 0.0149894 0.99988 0.825124
0.468012 -0.88358 0.0158237 9.13038 0.883718 0.467989 -0.00541075 16.7996 -0.00262447 0.016516 0.99986 0.827142
0.467262 -0.883958 0.016851 9.55134 0.88411 0.467258 -0.00440531 17.618 -0.00397967 0.0169566 0.999848 0.82792
0.467129 -0.884019 0.0173616 9.97708 0.884154 0.467196 -0.000274735 18.4438 -0.00786838 0.0154786 0.999849 0.828587
0.467689 -0.8837 0.0184801 10.4038 0.883817 0.467821 0.00335548 19.2752 -0.0116106 0.0147637 0.999824 0.833223
0.468863 -0.88303 0.0206372 10.8343 0.883155 0.469052 0.00525927 20.1078 -0.014324 0.01576 0.999773 0.838865
0.470097 -0.882356 0.021373 11.2676 0.882479 0.470312 0.00615442 20.9441 -0.0154824 0.015968 0.999753 0.840955
0.47122 -0.881788 0.02003 11.7019 0.881917 0.471386 0.00429228 21.7819 -0.0132268 0.0156422 0.99979 0.840357
0.472196 -0.881337 0.0166164 12.1376 0.881456 0.472266 0.000316469 22.6219 -0.0081263 0.0144972 0.999862 0.838146
0.473348 -0.880743 0.0152862 12.579 0.880864 0.47336 -0.00306271 23.4682 -0.00453841 0.0149148 0.999878 0.832953
0.474016 -0.880337 0.0177972 13.0264 0.880499 0.474035 -0.00340213 24.321 -0.00544148 0.0172831 0.999836 0.826708
0.47371 -0.880411 0.0217918 13.4784 0.880621 0.473821 -0.000107113 25.1819 -0.0102311 0.0192411 0.999763 0.824575
0.472828 -0.880752 0.026643 13.9337 0.881038 0.47304 0.00194493 26.0456 -0.0143162 0.0225539 0.999643 0.824679
0.471953 -0.880993 0.0333507 14.392 0.881509 0.472164 -0.00172676 26.9086 -0.0142257 0.0302139 0.999442 0.825971
0.470705 -0.881635 0.0340171 14.8503 0.882231 0.470771 -0.00652686 27.7711 -0.01026 0.0330832 0.9994 0.825493
0.469498 -0.882378 0.0313101 15.3052 0.882914 0.469427 -0.0100568 28.6391 -0.0058239 0.0323657 0.999459 0.819684
0.467851 -0.883298 0.0300035 15.7593 0.883797 0.467738 -0.0111058 29.5157 -0.004224 0.0317128 0.999488 0.814125
0.466834 -0.883798 0.0311064 16.2243 0.884322 0.466785 -0.0092602 30.4154 -0.00633585 0.0318311 0.999473 0.820425
0.465799 -0.884386 0.0298722 16.7056 0.884841 0.465866 -0.00510241 31.3588 -0.0094039 0.0288088 0.999541 0.854055
0.464629 -0.884993 0.030127 17.1803 0.885444 0.464729 -0.00401181 32.2894 -0.0104505 0.0285398 0.999538 0.880364
0.463646 -0.885495 0.0305236 17.6551 0.885931 0.463814 -0.00173826 33.2214 -0.0126181 0.0278478 0.999533 0.903377
0.463423 -0.885526 0.0329029 18.1278 0.885985 0.463712 0.00131853 34.1437 -0.0164251 0.0285404 0.999458 0.916181
0.462932 -0.885929 0.0286987 18.5939 0.886209 0.463255 0.00543462 35.0702 -0.0181095 0.0229172 0.999573 0.934354
0.462953 -0.885937 0.0281228 19.0532 0.886189 0.463282 0.00620278 35.9848 -0.0185241 0.0220505 0.999585 0.937819
0.46288 -0.885992 0.0275842 19.5123 0.886261 0.463164 0.00460866 36.8989 -0.0168593 0.0223135 0.999609 0.942773
0.463145 -0.885952 0.0242028 19.9676 0.88617 0.463349 0.00327668 37.8027 -0.0141173 0.0199302 0.999702 0.942656
0.462366 -0.886363 0.0240424 20.4196 0.886582 0.462561 0.00300533 38.706 -0.0137849 0.019926 0.999706 0.942629
0.461154 -0.886922 0.0265771 20.8748 0.887189 0.461394 0.00338187 39.6011 -0.0152619 0.0220193 0.999641 0.947233
0.460352 -0.88733 0.0268639 21.329 0.887589 0.460617 0.00431695 40.4937 -0.0162045 0.0218567 0.99963 0.952772
0.460141 -0.887535 0.0235066 21.7749 0.887731 0.460346 0.00388124 41.3832 -0.0142659 0.0190816 0.999716 0.962695
0.459651 -0.887864 0.0204658 22.2145 0.888053 0.45974 -0.000399462 42.2657 -0.00905427 0.0183583 0.99979 0.969689
0.459248 -0.888094 0.019517 22.653 0.888273 0.459314 -0.00121411 43.1466 -0.0078862 0.017894 0.999809 0.968858
0.458886 -0.888239 0.0213241 23.0963 0.888427 0.459015 0.00132014 44.0279 -0.0109607 0.0183392 0.999772 0.967072
0.458531 -0.88832 0.0252141 23.5417 0.888568 0.458737 0.00272737 44.9054 -0.0139894 0.0211538 0.999678 0.975546
0.458249 -0.888417 0.0268981 23.9818 0.888697 0.458485 0.00300995 45.7772 -0.0150065 0.022525 0.999634 0.981674
0.458141 -0.888401 0.0291571 24.4207 0.888766 0.45836 0.000960606 46.6441 -0.0142179 0.0254737 0.999574 0.98513
0.457725 -0.888543 0.0313008 24.8568 0.889006 0.45789 -0.00209638 47.5038 -0.0124696 0.0287862 0.999508 0.98522
0.456669 -0.889023 0.0330363 25.2969 0.88954 0.456852 -0.00220577 48.3659 -0.0131317 0.0303944 0.999452 0.982441
0.455556 -0.889412 0.0376093 25.7332 0.890038 0.455886 0.000222034 49.2244 -0.017343 0.0333726 0.999292 0.978039
0.454854 -0.889582 0.0418448 26.1703 0.890275 0.455403 0.0041447 50.0853 -0.0227433 0.0353682 0.999116 0.97406
0.454281 -0.889879 0.0417669 26.5979 0.890507 0.45492 0.00677398 50.9461 -0.0250286 0.0341165 0.999104 0.969805
0.453043 -0.890625 0.0392323 27.0168 0.891203 0.453573 0.00535717 51.8 -0.022566 0.0325369 0.999216 0.96551
0.45201 -0.891361 0.0341054 27.4348 0.891895 0.452241 -0.00105802 52.6406 -0.0144808 0.0308967 0.999418 0.9637
0.451231 -0.891887 0.0304644 27.8521 0.892368 0.45127 -0.00598573 53.47 -0.00840908 0.0298864 0.999518 0.955173
0.450045 -0.892618 0.0263001 28.2643 0.892959 0.450128 -0.00301713 54.2962 -0.00914528 0.0248428 0.99965 0.949293
0.449159 -0.893112 0.0246607 28.667 0.893373 0.449315 0.000907575 55.1179 -0.011891 0.0216235 0.999695 0.949527
0.447878 -0.893798 0.0230344 29.0654 0.893989 0.448072 0.00382902 55.9262 -0.0137435 0.0188776 0.999727 0.957979
0.446794 -0.894354 0.0225002 29.457 0.894544 0.446968 0.00311507 56.7195 -0.0128428 0.0187356 0.999742 0.96735
0.445318 -0.895111 0.0216298 29.8418 0.89527 0.445503 0.00440795 57.5028 -0.0135817 0.0174016 0.999756 0.96898
0.443951 -0.895809 0.020807 30.2187 0.895938 0.444144 0.00553715 58.2743 -0.0142016 0.0161836 0.999768 0.971694
0.442482 -0.896523 0.0213889 30.5901 0.89665 0.442695 0.00631708 59.034 -0.0151322 0.0163832 0.999751 0.975716
0.441153 -0.897158 0.0221658 30.9561 0.897293 0.441385 0.00668022 59.7816 -0.0157769 0.0169423 0.999732 0.979406
0.439833 -0.897828 0.0212625 31.3151 0.897899 0.440096 0.009632 60.5209 -0.0180054 0.0148552 0.999728 0.980237
0.438648 -0.898394 0.0218323 31.6665 0.898378 0.438989 0.0143436 61.2488 -0.0224703 0.0133219 0.999659 0.979822
0.436914 -0.899266 0.020642 32.0097 0.89917 0.437262 0.0171682 61.9676 -0.0244647 0.0110597 0.99964 0.982067
0.435588 -0.899999 0.0162684 32.3483 0.899898 0.435821 0.015592 62.6655 -0.0211229 0.00784821 0.999746 0.990261
0.434618 -0.900536 0.0119226 32.6719 0.90051 0.434731 0.00955262 63.3451 -0.0137856 0.00658466 0.999883 0.996848
0.43336 -0.901165 0.0100176 32.9894 0.901184 0.433416 0.00419068 64.009 -0.0081183 0.00721165 0.999941 0.999082
0.432949 -0.901381 0.00827237 33.2974 0.901401 0.43298 0.00234436 64.6572 -0.00569494 0.00644174 0.999963 0.998093
0.432221 -0.901735 0.00770757 33.5962 0.901725 0.432268 0.00607215 65.2945 -0.00880721 0.00432559 0.999952 0.999509
0.431014 -0.902307 0.00832684 33.8845 0.902265 0.43108 0.0093422 65.9113 -0.0120191 0.0034864 0.999922 1.01083
0.429868 -0.902842 0.00952912 34.1663 0.902843 0.42993 0.00580331 66.5022 -0.00933633 0.00610865 0.999938 1.03195
0.42986 -0.902785 0.0141517 34.4449 0.902884 0.429881 -0.00172662 67.0706 -0.00452479 0.0135196 0.999898 1.04399
0.430764 -0.902334 0.0153412 34.7157 0.902464 0.430681 -0.00849074 67.622 0.00105433 0.0175024 0.999846 1.05507
0.433308 -0.901141 0.0137773 34.9753 0.901244 0.433224 -0.00870676 68.1622 0.00187737 0.0161894 0.999867 1.06519
0.436694 -0.899553 0.0101459 35.2242 0.899609 0.436682 -0.00348129 68.6944 -0.00129892 0.0106476 0.999942 1.07565
0.440705 -0.897562 0.0127338 35.472 0.89764 0.440727 -0.00119749 69.211 -0.0045373 0.0119581 0.999918 1.08752
0.445267 -0.895205 0.0185749 35.7214 0.895356 0.44535 0.000340282 69.7098 -0.00857696 0.0164797 0.999827 1.09653
0.452154 -0.891609 0.0243031 35.9754 0.891845 0.452335 0.00226452 70.1911 -0.0130122 0.0206507 0.999702 1.10821
0.461278 -0.88698 0.0221267 36.2187 0.88716 0.461451 0.00315721 70.6588 -0.0130108 0.0181736 0.99975 1.12655
0.474135 -0.880286 0.0170924 36.4557 0.880356 0.474281 0.0055673 71.113 -0.0130074 0.0124077 0.999838 1.13556
0.489774 -0.871752 0.0130602 36.6856 0.871736 0.489897 0.00877715 71.559 -0.0140496 0.00708621 0.999876 1.14125
0.508188 -0.861129 0.0141989 36.9238 0.861115 0.508329 0.00909049 71.9845 -0.0150458 0.0076072 0.999858 1.14459
0.529879 -0.847886 0.0178119 37.1724 0.847909 0.530073 0.00855287 72.3874 -0.0166935 0.0105709 0.999805 1.14574
0.553939 -0.832316 0.0200388 37.4265 0.832341 0.554183 0.00946649 72.7723 -0.0189843 0.0114352 0.999754 1.15
0.580416 -0.81404 0.0213811 37.6871 0.814039 0.580705 0.0110241 73.1424 -0.0213902 0.0110065 0.999711 1.15358
0.609773 -0.792268 0.0221172 37.9555 0.792239 0.61009 0.0121427 73.4982 -0.0231138 0.0101178 0.999682 1.15644
0.641585 -0.766729 0.0222424 38.2346 0.766673 0.64191 0.0128038 73.8368 -0.0240947 0.00883793 0.999671 1.1571
0.675202 -0.737279 0.0228317 38.5233 0.737202 0.675542 0.0132873 74.1602 -0.0252202 0.00786001 0.999651 1.15445
0.710393 -0.703498 0.0208086 38.8214 0.703373 0.710682 0.0140418 74.462 -0.0246667 0.004661 0.999685 1.15562
0.747152 -0.664378 0.0191339 39.1305 0.664251 0.747392 0.0132648 74.738 -0.0231134 0.00279893 0.999729 1.15748
0.784168 -0.620273 0.0185068 39.4508 0.620148 0.784384 0.012545 74.9916 -0.0222978 0.00163962 0.99975 1.15705
0.82016 -0.571861 0.0176762 39.7796 0.571728 0.82035 0.0123397 75.22 -0.0215572 -1.45333e-05 0.999768 1.15342
0.854501 -0.519177 0.0168189 40.1167 0.519048 0.854666 0.0116326 75.4216 -0.020414 -0.00121026 0.999791 1.14689
0.886216 -0.462951 0.017243 40.4618 0.462865 0.886384 0.00890949 75.5959 -0.0194086 8.54516e-05 0.999812 1.13839
0.91411 -0.40509 0.0174733 40.8143 0.405008 0.914277 0.00817745 75.7442 -0.019288 -0.000398272 0.999814 1.13258
0.938021 -0.346022 0.0196061 41.1723 0.345923 0.938226 0.00834818 75.869 -0.0212836 -0.00104857 0.999773 1.12927
0.957908 -0.286232 0.021983 41.5356 0.286058 0.958152 0.0107739 75.9722 -0.0241469 -0.00403206 0.9997 1.127
0.973808 -0.226135 0.0236832 41.9062 0.225932 0.974082 0.010957 76.0493 -0.0255472 -0.00531921 0.999659 1.12142
0.985751 -0.166518 0.0237963 42.2772 0.166369 0.98603 0.00810082 76.1013 -0.0248128 -0.00402643 0.999684 1.11431
0.993769 -0.108801 0.0241835 42.6539 0.108776 0.994063 0.00235731 76.1241 -0.0242964 0.000287963 0.999705 1.10416
0.998289 -0.0534752 0.0236633 43.0273 0.0533979 0.998566 0.00388742 76.1319 -0.0238372 -0.0026172 0.999712 1.09876
0.999726 0.000700234 0.0233924 43.3996 -0.000901151 0.999963 0.00857954 76.123 -0.0233855 -0.00859827 0.99969 1.09483
0.998427 0.0513613 0.0225048 43.7745 -0.0516055 0.998613 0.0104046 76.0989 -0.0219392 -0.0115496 0.999693 1.08838
0.995 0.0975045 0.0216142 44.1505 -0.0976229 0.995213 0.00449212 76.0513 -0.0210727 -0.0065797 0.999756 1.07846
0.989938 0.139744 0.0222327 44.5219 -0.139551 0.990164 -0.0100372 75.9744 -0.0234167 0.00683357 0.999702 1.06531
0.983969 0.176771 0.0236049 44.8962 -0.176421 0.984182 -0.016183 75.8845 -0.0260923 0.0117592 0.99959 1.05615
0.977418 0.210212 0.0215639 45.2649 -0.209961 0.977619 -0.013331 75.7913 -0.0238836 0.00850241 0.999679 1.05337
0.970272 0.241178 0.0201108 45.6399 -0.241197 0.970475 -0.00154721 75.7035 -0.0198902 -0.00334945 0.999797 1.05049
0.962809 0.269513 0.0190298 46.0177 -0.269661 0.962939 0.00564699 75.6084 -0.0168026 -0.0105686 0.999803 1.04827
0.955514 0.294455 0.0169702 46.3957 -0.294583 0.95561 0.00549768 75.494 -0.0145981 -0.0102522 0.999841 1.04868
0.94818 0.317448 0.0134872 46.7761 -0.317486 0.948263 0.000724108 75.3562 -0.0125595 -0.00496857 0.999909 1.04591
0.94152 0.336934 0.00383876 47.1541 -0.336915 0.941523 -0.00477382 75.2038 -0.00522274 0.00320131 0.999981 1.04493
0.934693 0.35543 -0.00438652 47.5414 -0.355446 0.93469 -0.00358807 75.0382 0.00282473 0.00491292 0.999984 1.02771
0.928186 0.372088 -0.00458592 47.9438 -0.372094 0.928195 -0.000557145 74.8714 0.00404932 0.00222353 0.999989 1.00541
0.922286 0.386504 0.00167935 48.3639 -0.386505 0.922287 0.000442812 74.6961 -0.0013777 -0.00105748 0.999999 0.99512
0.91649 0.400022 0.00527562 48.7908 -0.400023 0.916505 -0.000873649 74.5061 -0.00518461 -0.00130968 0.999986 1.00112
0.910944 0.412478 0.00659334 49.2199 -0.412463 0.910967 -0.00353964 74.3007 -0.00746634 0.000504901 0.999972 1.00716
0.90594 0.423367 0.00577645 49.655 -0.423326 0.90595 -0.00711225 74.0827 -0.00824427 0.00399795 0.999958 1.01003
0.901426 0.432916 0.0038176 50.0973 -0.432865 0.901407 -0.00966894 73.8528 -0.00762704 0.00706333 0.999946 1.00918
0.897647 0.44071 0.00223751 50.5525 -0.440661 0.897604 -0.01123 73.6129 -0.00695757 0.00909459 0.999934 1.00749
0.894941 0.446182 0.00121058 51.0215 -0.446134 0.894878 -0.0125573 73.364 -0.00668617 0.010698 0.99992 1.00568
0.892315 0.451414 -0.000414951 51.5024 -0.451379 0.892233 -0.0132829 73.1041 -0.00562584 0.0120398 0.999912 1.00326
0.889428 0.457074 -0.00139389 51.9975 -0.457051 0.889345 -0.0130421 72.836 -0.00472156 0.0122371 0.999914 0.99791
0.887265 0.461253 -0.00249977 52.5108 -0.461235 0.88715 -0.0150448 72.5561 -0.00472177 0.0145017 0.999884 0.989156
0.885608 0.464423 -0.00316325 53.0409 -0.464408 0.885466 -0.0165855 72.2646 -0.00490176 0.0161573 0.999857 0.984073
0.883972 0.467527 -0.00332678 53.5795 -0.467509 0.883812 -0.0176289 71.9587 -0.00530173 0.0171387 0.999839 0.977982
0.882472 0.470351 -0.0035266 54.136 -0.470327 0.882283 -0.0192181 71.6442 -0.00592781 0.0186181 0.999809 0.972609
0.881764 0.471659 -0.00544906 54.7041 -0.471651 0.881479 -0.0232392 71.3146 -0.00615774 0.0230615 0.999715 0.965967
0.881821 0.47153 -0.00713158 55.2868 -0.471541 0.881437 -0.0267935 70.9779 -0.00634791 0.02699 0.999616 0.959723
0.882598 0.470059 -0.00803764 55.8815 -0.470084 0.882156 -0.0286666 70.6314 -0.00638456 0.0290795 0.999557 0.952539
0.884037 0.467319 -0.00953922 56.4948 -0.467379 0.883523 -0.03073 70.2798 -0.0059326 0.0316249 0.999482 0.945413
0.885769 0.464022 -0.00985964 57.125 -0.464089 0.885224 -0.0316099 69.9244 -0.00593969 0.0325748 0.999452 0.938931
0.88752 0.460681 -0.00907652 57.7716 -0.460709 0.886911 -0.0336883 69.5603 -0.00746949 0.0340807 0.999391 0.931238
0.889304 0.457249 -0.0078632 58.4373 -0.457232 0.888677 -0.0345282 69.1972 -0.00880015 0.0343014 0.999373 0.929389
0.891152 0.45368 -0.00465068 59.1188 -0.453572 0.8906 -0.0332324 68.8326 -0.010935 0.0317246 0.999437 0.927758
0.892964 0.450118 -0.00308567 59.817 -0.449967 0.89244 -0.0328716 68.4653 -0.0120423 0.0307416 0.999455 0.923693
0.894754 0.446551 -0.0026992 60.5215 -0.44642 0.894306 -0.0304281 68.0988 -0.0111738 0.0284306 0.999533 0.920264
0.896258 0.443509 -0.00452746 61.2347 -0.44346 0.895881 -0.0272158 67.7321 -0.00801441 0.0264002 0.999619 0.918445
0.896887 0.4422 -0.0073302 61.9521 -0.442255 0.896671 -0.0197674 67.3692 -0.00216837 0.020971 0.999778 0.920697
0.896741 0.44247 -0.00868852 62.678 -0.442555 0.896597 -0.016114 67.0033 0.000660128 0.0182952 0.999832 0.916458
0.896771 0.442427 -0.0077292 63.4087 -0.442494 0.896664 -0.0138651 66.6336 0.000796214 0.0158539 0.999874 0.913696
0.896735 0.44255 -0.00391315 64.1427 -0.442563 0.896651 -0.0124756 66.2624 -0.00201234 0.0129191 0.999915 0.918725
0.896665 0.442693 -0.00372975 64.8737 -0.442701 0.896569 -0.013429 65.89 -0.00260096 0.0136925 0.999903 0.930589
0.896743 0.442549 -0.00169503 65.6048 -0.442536 0.896669 -0.012117 65.5176 -0.0038425 0.011616 0.999925 0.939666
0.8966 0.442841 -0.000802178 66.3336 -0.442823 0.896545 -0.0106759 65.1438 -0.00400853 0.00992723 0.999943 0.949847
0.896632 0.442777 -0.000283848 67.0614 -0.442764 0.896602 -0.00809987 64.77 -0.00333193 0.00738828 0.999967 0.963465
0.896103 0.443845 0.000117461 67.7871 -0.443839 0.896093 -0.00494368 64.4002 -0.00229949 0.00437792 0.999988 0.972743
0.894887 0.446291 0.0015705 68.5124 -0.446287 0.894887 -0.00238076 64.0292 -0.00246793 0.00142961 0.999996 0.980054
0.893168 0.449705 0.00407367 69.2377 -0.449707 0.893176 -0.000547683 63.6584 -0.0038848 -0.00134278 0.999992 0.987823
0.890962 0.454016 0.00744037 69.9609 -0.454031 0.890986 0.000273789 63.284 -0.00650496 -0.00362209 0.999972 0.995985
0.888063 0.459598 0.0106591 70.6825 -0.459634 0.888108 0.00111529 62.9069 -0.00895388 -0.00588975 0.999943 1.00663
0.884616 0.466183 0.0113023 71.3981 -0.466229 0.884662 0.00172546 62.5237 -0.00919434 -0.00679583 0.999935 1.01698
0.880521 0.473882 0.0108824 72.1069 -0.473936 0.880555 0.0028671 62.1354 -0.00822384 -0.00768208 0.999937 1.02528
0.875687 0.482772 0.0101297 72.8079 -0.482821 0.875714 0.0029231 61.7426 -0.00745955 -0.00745056 0.999944 1.02997
0.87068 0.491739 0.010435 73.504 -0.491781 0.870717 0.00175286 61.34 -0.00822397 -0.00665791 0.999944 1.03319
0.8653 0.501103 0.0123362 74.1936 -0.501161 0.865352 0.00196827 60.9352 -0.00968888 -0.00788559 0.999922 1.03931
0.859634 0.510755 0.0125957 74.8728 -0.510804 0.859697 0.000765655 60.5257 -0.0104374 -0.00709211 0.99992 1.04569
0.853883 0.520312 0.0126059 75.5473 -0.520359 0.853947 0.000536795 60.1085 -0.0104855 -0.00701796 0.99992 1.04908
0.84805 0.529776 0.0121735 76.212 -0.529824 0.848107 0.000893767 59.6861 -0.00985092 -0.00720776 0.999925 1.05225
0.842287 0.538906 0.0115776 76.8676 -0.538959 0.84233 0.00186268 59.2613 -0.00874834 -0.00780875 0.999931 1.05622
0.836642 0.547649 0.0105071 77.5154 -0.547695 0.836676 0.00194065 58.8309 -0.00772822 -0.0073783 0.999943 1.05872
0.831328 0.555699 0.00961705 78.1532 -0.555737 0.831356 0.00175505 58.3977 -0.00701991 -0.00680358 0.999952 1.0609
0.825912 0.563726 0.00907351 78.7793 -0.563761 0.825937 0.0015821 57.9617 -0.00660227 -0.00642196 0.999958 1.06431
0.820487 0.571596 0.00884968 79.3948 -0.571627 0.820512 0.00125124 57.5223 -0.00654607 -0.00608535 0.99996 1.06919
0.81544 0.578779 0.00848566 80.0016 -0.578801 0.815469 8.59601e-05 57.0829 -0.00687004 -0.0049816 0.999964 1.07266
0.811016 0.584957 0.00883114 80.5979 -0.584966 0.811056 -0.00187593 56.6406 -0.00825989 -0.0036445 0.999959 1.07697
0.807808 0.589382 0.00867291 81.1848 -0.58936 0.807854 -0.00509857 56.1977 -0.0100114 -0.000992799 0.999949 1.08166
0.805348 0.59274 0.00859273 81.7601 -0.592679 0.805392 -0.00871525 55.7566 -0.0120864 0.00192609 0.999925 1.08853
0.803554 0.595168 0.00872433 82.3299 -0.595077 0.803593 -0.0110433 55.3175 -0.0135834 0.00368226 0.999901 1.09272
0.802451 0.596648 0.00906671 82.8906 -0.596544 0.802492 -0.0118776 54.8856 -0.0143627 0.00412247 0.999888 1.09559
0.801807 0.597518 0.00882531 83.4375 -0.59741 0.801843 -0.0122068 54.4631 -0.0143703 0.0045152 0.999887 1.09793
0.802159 0.597064 0.00737066 83.9749 -0.596961 0.802174 -0.0123962 54.0478 -0.0133139 0.00554377 0.999896 1.09958
0.803792 0.594883 0.00574245 84.4984 -0.594787 0.803784 -0.0126595 53.6428 -0.0121466 0.0067601 0.999903 1.10047
0.806624 0.591044 0.00494145 85.0098 -0.590957 0.806609 -0.0123398 53.2507 -0.0112792 0.00703338 0.999912 1.10165
0.811067 0.584934 0.00477193 85.5114 -0.584857 0.811055 -0.0115412 52.8744 -0.0106212 0.00656983 0.999922 1.10345
0.817271 0.576232 0.00489457 86.0013 -0.576163 0.817265 -0.0106769 52.5169 -0.0101526 0.00590589 0.999931 1.10604
0.824868 0.565305 0.00485421 86.4795 -0.565239 0.824862 -0.0103981 52.175 -0.00988212 0.00583324 0.999934 1.10963
0.834152 0.551519 0.00416128 86.9452 -0.551471 0.834147 -0.00890796 51.8534 -0.00838402 0.00513577 0.999952 1.11555
0.845233 0.534392 0.00236268 87.4016 -0.534368 0.845225 -0.00666431 51.5562 -0.00555835 0.00437036 0.999975 1.12101
0.857705 0.514142 0.000253802 87.8589 -0.514137 0.857699 -0.00384318 51.2766 -0.00219362 0.00316582 0.999993 1.12959
0.871652 0.490125 -0.000804 88.318 -0.490126 0.87165 -0.00188358 51.012 -0.000222384 0.00203589 0.999998 1.13678
0.887029 0.461714 -0.000495813 88.7819 -0.461715 0.887028 -0.00108784 50.7603 -6.24734e-05 0.00119387 0.999999 1.14198
0.903569 0.42844 0.00130972 89.2522 -0.428437 0.903569 -0.00195541 50.5249 -0.0020212 0.00120572 0.999997 1.14704
0.920583 0.390519 0.00465931 89.7273 -0.390511 0.920595 -0.00258072 50.3094 -0.00529715 0.000556252 0.999986 1.15374
0.937074 0.349002 0.00952013 90.2086 -0.348992 0.937122 -0.00276528 50.1177 -0.00988661 -0.000731178 0.999951 1.16154
0.952783 0.303323 0.0141407 90.6928 -0.303339 0.952882 -0.00104164 49.9533 -0.0137904 -0.00329696 0.9999 1.17078
0.967247 0.253282 0.0167878 91.1828 -0.253335 0.967378 0.00112241 49.8108 -0.0159559 -0.0053386 0.999858 1.18034
0.979909 0.198713 0.0171003 91.6721 -0.198769 0.980045 0.00164964 49.7024 -0.0164312 -0.0050155 0.999852 1.18999
0.990183 0.139008 0.0146313 92.1562 -0.139004 0.990291 -0.00132917 49.6195 -0.014674 -0.000717681 0.999892 1.19412
0.997147 0.0748363 0.00990862 92.6359 -0.0748113 0.997194 -0.00287524 49.5661 -0.010096 0.00212576 0.999947 1.2003
0.999957 0.00835264 0.00403121 93.1081 -0.00832947 0.999949 -0.00573106 49.5446 -0.00407887 0.00569723 0.999975 1.2049
0.998233 -0.059423 -0.00021208 93.5776 0.0594216 0.998224 -0.00423819 49.5593 0.00046355 0.0042181 0.999991 1.20956
0.991856 -0.127315 -0.00353001 94.0405 0.127305 0.991859 -0.00292385 49.6097 0.00387352 0.00245065 0.999989 1.21155
0.980802 -0.194918 -0.00579607 94.4968 0.194896 0.980815 -0.00410918 49.6916 0.00648582 0.00290067 0.999975 1.21337
0.965359 -0.260874 -0.00519441 94.947 0.260842 0.965362 -0.00617384 49.8023 0.00662508 0.00460505 0.999967 1.21583
0.945643 -0.325204 -0.00100281 95.3897 0.325193 0.94563 -0.00584929 49.944 0.00285049 0.00520523 0.999982 1.221
0.921687 -0.3879 0.00526859 95.8211 0.387923 0.921681 -0.00446139 50.1162 -0.00312539 0.00615581 0.999976 1.229
0.894489 -0.446978 0.0100199 96.2366 0.447017 0.894523 -0.00197804 50.3179 -0.00807887 0.00624839 0.999948 1.24137
0.865052 -0.501445 0.0154429 96.6391 0.501491 0.865162 0.000964941 50.5496 -0.0138445 0.00690976 0.99988 1.25012
0.835033 -0.549892 0.0183836 97.0296 0.549886 0.835219 0.00581752 50.8047 -0.0185533 0.00525106 0.999814 1.2576
0.806082 -0.591504 0.0188457 97.4077 0.591439 0.806295 0.00942449 51.0819 -0.0207698 0.0035492 0.999778 1.26681
0.779605 -0.626058 0.0163748 97.7721 0.625848 0.779773 0.0164056 51.3817 -0.0230395 -0.00254172 0.999731 1.27128
0.755764 -0.654731 0.012219 98.1277 0.654506 0.755841 0.0180287 51.7021 -0.0210396 -0.00562805 0.999763 1.27015
0.733915 -0.679172 0.00974195 98.4749 0.678953 0.733946 0.0185945 52.0334 -0.0197789 -0.00703245 0.99978 1.26002
0.717347 -0.696588 0.0133609 98.8277 0.696453 0.717471 0.0136905 52.3666 -0.0191227 -0.000515616 0.999817 1.2472
0.70578 -0.708254 0.0158225 99.1794 0.708162 0.705952 0.0118032 52.7066 -0.0195296 0.00287446 0.999805 1.24073
0.69637 -0.717566 0.012937 99.5245 0.717434 0.69649 0.013806 53.0607 -0.0189172 -0.000332619 0.999821 1.24217
0.689197 -0.724519 0.00892816 99.8703 0.724325 0.689231 0.0177148 53.429 -0.0189883 -0.00574207 0.999803 1.2352
0.684581 -0.72893 0.0030194 100.219 0.728722 0.684474 0.0214567 53.8093 -0.0177071 -0.0124885 0.999765 1.22319
0.682447 -0.730926 -0.00361035 100.572 0.730801 0.68222 0.0224837 54.1952 -0.0139709 -0.0179824 0.999741 1.21755
0.681774 -0.731536 -0.00625766 100.935 0.731467 0.681522 0.0219774 54.5892 -0.0118125 -0.0195609 0.999739 1.21255
0.683368 -0.730039 -0.00716525 101.309 0.730018 0.68316 0.0191219 54.9841 -0.0090647 -0.018298 0.999791 1.21363
0.686464 -0.727103 -0.00938817 101.692 0.72716 0.686364 0.01191 55.3815 -0.00221612 -0.0150025 0.999885 1.2161
0.689542 -0.724148 -0.0119116 102.086 0.724239 0.689512 0.00712988 55.7888 0.00305009 -0.0135432 0.999904 1.21048
0.69272 -0.721049 -0.015069 102.485 0.721203 0.692637 0.0110067 56.2091 0.00250092 -0.0184924 0.999826 1.20391
0.696815 -0.717082 -0.0155479 102.897 0.717249 0.696608 0.0170418 56.6435 -0.00138954 -0.0230267 0.999734 1.20367
0.700382 -0.71368 -0.0112102 103.32 0.713744 0.700141 0.0192934 57.0845 -0.0059206 -0.021514 0.999751 1.20621
0.703079 -0.711095 -0.00484355 103.76 0.711014 0.702853 0.0213612 57.5271 -0.0117855 -0.0184624 0.99976 1.20935
0.705561 -0.70865 -0.00018847 104.211 0.708453 0.705359 0.0237199 57.9732 -0.0166762 -0.0168694 0.999719 1.21384
0.70786 -0.706343 0.00373056 104.67 0.706123 0.707754 0.0217751 58.4241 -0.018021 -0.0127795 0.999756 1.21701
0.708311 -0.705884 0.00494245 105.133 0.705734 0.708278 0.0168115 58.8813 -0.0153676 -0.00841972 0.999846 1.21607
0.708178 -0.706029 0.00256894 105.604 0.705971 0.708158 0.0108213 59.3409 -0.00945941 -0.00584984 0.999938 1.21485
0.707778 -0.70643 -0.00272882 106.078 0.706434 0.707763 0.00486143 59.8086 -0.00150291 -0.00536854 0.999985 1.21328
0.706125 -0.708045 -0.00777853 106.556 0.708081 0.706123 0.00351422 60.2921 0.00300437 -0.00798931 0.999964 1.20781
0.704315 -0.709869 -0.00505805 107.051 0.709887 0.70429 0.00596045 60.7879 -0.000668811 -0.00778868 0.999969 1.19784
0.703044 -0.711144 0.00189985 107.558 0.711102 0.703028 0.00924437 61.293 -0.00790972 -0.00514821 0.999955 1.19418
0.701173 -0.71297 0.00553636 108.072 0.712838 0.701162 0.0152713 61.8116 -0.0147699 -0.00676132 0.999868 1.2009
0.699795 -0.714337 0.003183 108.586 0.714196 0.699733 0.0172501 62.3346 -0.0145496 -0.00979824 0.999846 1.21289
0.698437 -0.715663 -0.00355265 109.099 0.715603 0.698292 0.017337 62.8671 -0.00992669 -0.0146511 0.999843 1.21696
0.69584 -0.718159 -0.00742252 109.619 0.718183 0.695724 0.0134722 63.4083 -0.00451117 -0.0147052 0.999882 1.21248
0.692861 -0.721018 -0.00872216 110.15 0.72107 0.692791 0.00991408 63.9546 -0.0011056 -0.0131584 0.999913 1.20563
0.690097 -0.723688 -0.00650103 110.69 0.723713 0.690033 0.00972389 64.5128 -0.00255114 -0.0114153 0.999932 1.19954
0.687464 -0.726214 -0.00261907 111.239 0.726208 0.68743 0.0079381 65.0798 -0.00396433 -0.00735914 0.999965 1.20129
0.68604 -0.727564 5.62416e-05 111.793 0.727532 0.68601 0.00937414 65.6554 -0.00685887 -0.00639012 0.999956 1.20596
0.684879 -0.728648 0.00373273 112.354 0.728596 0.684878 0.00951302 66.2412 -0.00948811 -0.00379561 0.999948 1.21076
0.684369 -0.729088 0.00837699 112.926 0.729055 0.684419 0.00698828 66.8414 -0.0108284 0.00132473 0.99994 1.21101
0.683894 -0.72953 0.00862039 113.498 0.72948 0.683948 0.00856963 67.4459 -0.0121477 0.000427687 0.999926 1.21177
0.684245 -0.729239 0.00433499 114.069 0.729178 0.684248 0.0102493 68.0575 -0.0104404 -0.00385205 0.999938 1.21612
0.684698 -0.728824 -0.00182606 114.638 0.728791 0.684637 0.0116759 68.6733 -0.00725946 -0.00932525 0.99993 1.21799
0.685245 -0.728265 -0.00833413 115.211 0.72829 0.685088 0.0157777 69.296 -0.00578074 -0.0168812 0.999841 1.21682
0.687103 -0.726438 -0.0133172 115.788 0.726532 0.6868 0.0213873 69.9198 -0.00639032 -0.0243706 0.999683 1.21378
0.689482 -0.724164 -0.0141945 116.371 0.724245 0.689047 0.0261361 70.5498 -0.00914616 -0.0283006 0.999558 1.21383
0.691292 -0.722424 -0.0147982 116.959 0.722524 0.690855 0.0260375 71.1764 -0.00858669 -0.0286916 0.999551 1.22079
0.6928 -0.720943 -0.0164204 117.553 0.72111 0.692431 0.0232377 71.7981 -0.00538312 -0.02794 0.999595 1.22552
0.693528 -0.72035 -0.0106609 118.155 0.720402 0.693297 0.0189984 72.4226 -0.00629433 -0.0208561 0.999763 1.21853
0.69384 -0.720106 -0.00582413 118.766 0.720103 0.693724 0.014104 73.0545 -0.00611601 -0.0139799 0.999884 1.21015
0.694905 -0.719087 -0.00456677 119.375 0.719075 0.694812 0.0129308 73.6819 -0.00612531 -0.0122695 0.999906 1.20764
0.695651 -0.718355 -0.00595578 119.979 0.718336 0.695494 0.016784 74.3139 -0.00791468 -0.0159541 0.999841 1.20724
0.696309 -0.717729 -0.00431309 120.582 0.717623 0.696071 0.0223875 74.9495 -0.0130659 -0.0186838 0.99974 1.20136
0.696999 -0.717062 -0.00367498 121.185 0.716816 0.696605 0.0302499 75.5861 -0.019131 -0.0237184 0.999536 1.19781
0.697919 -0.716149 -0.00639375 121.785 0.716053 0.697604 0.0248192 76.2055 -0.013314 -0.0219001 0.999671 1.20661
0.698273 -0.715745 -0.0111355 122.379 0.715832 0.69819 0.0107618 76.8012 7.19628e-05 -0.0154858 0.99988 1.21783
0.69799 -0.715968 -0.0141238 122.977 0.71602 0.698077 -0.0018156 77.3895 0.0111594 -0.00884568 0.999899 1.22359
0.697376 -0.716638 -0.00981773 123.583 0.716685 0.697395 0.00194336 77.9887 0.00545415 -0.00839147 0.99995 1.22116
0.696416 -0.717614 0.0058805 124.197 0.717457 0.696401 0.016788 78.6025 -0.0161425 -0.00747242 0.999842 1.22075
0.695195 -0.718606 0.0175905 124.806 0.718019 0.695368 0.0302113 79.2188 -0.0339419 -0.00837239 0.999389 1.23826
0.694823 -0.719057 0.0133444 125.4 0.718586 0.694884 0.0277578 79.8196 -0.0292322 -0.00969763 0.999526 1.27036
0.6942 -0.719781 -0.000658718 125.979 0.719653 0.694059 0.0194993 80.4086 -0.013578 -0.0140105 0.99981 1.27264
0.693442 -0.720485 -0.00626794 126.561 0.720499 0.69335 0.0121499 80.9932 -0.00440793 -0.0129413 0.999907 1.24678
0.692099 -0.721789 -0.00440367 127.149 0.721798 0.692057 0.00805139 81.5786 -0.00276381 -0.00875092 0.999958 1.2232
0.690135 -0.723677 -0.00226695 127.738 0.723654 0.690079 0.0107228 82.17 -0.00619546 -0.00904066 0.99994 1.22067
0.687582 -0.726101 -0.00281763 128.314 0.726092 0.687539 0.00895109 82.7663 -0.00456217 -0.00820048 0.999956 1.22504
0.68406 -0.729413 -0.0043834 128.881 0.729423 0.684026 0.00715087 83.3615 -0.00221758 -0.00808898 0.999965 1.2148
0.681703 -0.731593 -0.00725304 129.446 0.731622 0.681619 0.011148 83.9562 -0.00321196 -0.0129061 0.999912 1.1987
0.68005 -0.733051 -0.0129808 130.001 0.733165 0.679909 0.0139196 84.5548 -0.00137797 -0.0189831 0.999819 1.19733
0.67867 -0.734322 -0.013339 130.559 0.734434 0.678455 0.0174679 85.1556 -0.00377715 -0.0216516 0.999758 1.18582
0.677612 -0.735358 -0.00947762 131.121 0.735371 0.677363 0.020222 85.7552 -0.00845059 -0.0206722 0.999751 1.18192
0.676648 -0.736261 -0.00823342 131.681 0.736251 0.676417 0.0198697 86.3502 -0.00906002 -0.0195066 0.999769 1.1843
0.674779 -0.737967 -0.0087657 132.236 0.737999 0.674625 0.0154428 86.9415 -0.0054827 -0.0168895 0.999842 1.1863
0.671479 -0.740991 -0.00698662 132.789 0.741019 0.671412 0.00985901 87.5361 -0.00261454 -0.0117973 0.999927 1.18265
0.66664 -0.745359 -0.00556148 133.337 0.74538 0.666615 0.00574431 88.1256 -0.000574209 -0.0079748 0.999968 1.17641
0.661583 -0.749868 -0.00250283 133.883 0.749856 0.661544 0.00866516 88.7307 -0.00484199 -0.00760949 0.999959 1.17147
0.656858 -0.754005 0.00365328 134.425 0.75389 0.65683 0.0149625 89.3453 -0.0136814 -0.00707409 0.999881 1.17073
0.653505 -0.756834 0.0115769 134.966 0.756588 0.653595 0.0197003 89.96 -0.0224765 -0.00411524 0.999739 1.17415
0.650338 -0.759597 0.00849391 135.488 0.759183 0.650292 0.027575 90.5847 -0.0264695 -0.0114847 0.999584 1.17648
0.647029 -0.762458 0.00331521 136.003 0.762155 0.646884 0.0257152 91.203 -0.0217514 -0.0141118 0.999664 1.17459
0.641802 -0.766867 -0.00232575 136.511 0.766783 0.64168 0.0170475 91.8193 -0.0115808 -0.0127245 0.999852 1.1681
0.636788 -0.771031 -0.00365604 137.026 0.771024 0.636737 0.00939882 92.4311 -0.00491884 -0.00880395 0.999949 1.15231
0.631632 -0.775265 -0.00238205 137.542 0.775252 0.631595 0.00853822 93.0561 -0.00511489 -0.0072397 0.999961 1.13484
0.625585 -0.780135 -0.00563969 138.053 0.780105 0.625445 0.0159821 93.6958 -0.00894086 -0.0143977 0.999856 1.13095
0.619425 -0.784982 -0.0107686 138.558 0.785014 0.619193 0.0187637 94.3404 -0.00806135 -0.0200762 0.999766 1.1385
0.611647 -0.790969 -0.0159761 139.054 0.791127 0.611457 0.0154804 94.9863 -0.00247586 -0.0221077 0.999753 1.14037
0.604769 -0.796231 -0.0164353 139.556 0.796401 0.604651 0.0119505 95.6275 0.000422265 -0.0203164 0.999794 1.13303
0.598301 -0.801115 -0.0158089 140.053 0.80127 0.598161 0.0130043 96.2768 -0.000961743 -0.0204477 0.99979 1.12261
0.591972 -0.805822 -0.0148115 140.548 0.80592 0.591666 0.0205886 96.9407 -0.00782725 -0.0241247 0.999678 1.11583
0.585459 -0.810574 -0.0143841 141.029 0.810587 0.584986 0.0271954 97.6139 -0.0136294 -0.0275813 0.999527 1.11242
0.579275 -0.815044 -0.0119648 141.508 0.814943 0.578763 0.0300314 98.2907 -0.0175522 -0.0271471 0.999477 1.1118
0.57404 -0.818751 -0.0111549 141.981 0.818603 0.573512 0.0311866 98.9646 -0.0191366 -0.0270338 0.999451 1.11038
0.570412 -0.82128 -0.0113484 142.452 0.82116 0.569917 0.029825 99.6376 -0.018027 -0.0263314 0.999491 1.10662
0.566748 -0.823695 -0.0179687 142.913 0.823804 0.566239 0.0268245 100.315 -0.0119206 -0.0300054 0.999479 1.10707
0.5638 -0.82548 -0.026702 143.368 0.825887 0.563242 0.025871 100.996 -0.00631631 -0.0366389 0.999309 1.10375
0.561522 -0.826938 -0.0294335 143.819 0.827457 0.561046 0.0232704 101.678 -0.0027296 -0.0374218 0.999296 1.09378
0.55894 -0.828737 -0.027945 144.272 0.829165 0.558246 0.0291214 102.371 -0.00853376 -0.0394481 0.999185 1.07795
0.55712 -0.830057 -0.0249427 144.733 0.830239 0.556092 0.0382733 103.07 -0.0178986 -0.0420312 0.998956 1.0673
0.554379 -0.831986 -0.021538 145.189 0.831852 0.553104 0.0457986 103.775 -0.026191 -0.0433062 0.998718 1.05871
0.550436 -0.834614 -0.0209936 145.642 0.834527 0.549301 0.0428198 104.47 -0.0242062 -0.0410892 0.998862 1.05802
0.546114 -0.837544 -0.0167311 146.095 0.837561 0.545528 0.0298439 105.152 -0.0158683 -0.0303114 0.999415 1.04796
0.540354 -0.841288 -0.0158664 146.545 0.841394 0.540039 0.020314 105.834 -0.00852149 -0.0243266 0.999668 1.03278
0.534517 -0.844957 -0.0184232 146.988 0.845099 0.534094 0.0234955 106.529 -0.010013 -0.0281281 0.999554 1.00823
0.528255 -0.848963 -0.0144644 147.426 0.848954 0.527795 0.0266323 107.234 -0.0149756 -0.0263483 0.999541 0.989291
0.521929 -0.852946 -0.00859364 147.864 0.85276 0.521529 0.028426 107.944 -0.019764 -0.0221647 0.999559 0.978978
0.51696 -0.856009 -0.000296134 148.308 0.855725 0.516779 0.0259549 108.651 -0.0220646 -0.013671 0.999663 0.96849
0.51174 -0.859131 0.00403089 148.745 0.858834 0.511677 0.0243098 109.367 -0.0229478 -0.00897842 0.999696 0.954666
0.506534 -0.862209 0.00424136 149.176 0.862041 0.506523 0.0178718 110.086 -0.0175576 -0.00539645 0.999831 0.947637
0.500526 -0.865702 0.00573945 149.601 0.86569 0.500554 0.0052588 110.802 -0.00742546 0.00233641 0.99997 0.937907
0.494549 -0.869065 0.0121541 150.025 0.86915 0.494495 -0.00733257 111.516 0.000362338 0.01419 0.999899 0.918823
0.488947 -0.872196 0.0143234 150.449 0.872282 0.489004 0.000489938 112.246 -0.00743152 0.0122545 0.999897 0.900686
0.484198 -0.874875 0.0120987 150.861 0.874721 0.484343 0.016573 112.995 -0.0203592 0.00255833 0.999789 0.892156
0.479777 -0.877323 0.0109338 151.264 0.876904 0.479888 0.0273332 113.752 -0.0292271 -0.00352594 0.999567 0.889489
0.476318 -0.879212 0.0103522 151.663 0.878839 0.47642 0.0258161 114.5 -0.0276298 -0.00319875 0.999613 0.891435
0.474836 -0.880064 0.00415049 152.057 0.879906 0.474833 0.0172775 115.239 -0.0171761 -0.00455196 0.999842 0.884957
0.472514 -0.881267 -0.00997238 152.44 0.881294 0.472376 0.013436 115.984 -0.00712994 -0.0151373 0.99986 0.870515
0.470778 -0.882171 -0.0119553 152.829 0.882244 0.470676 0.0104341 116.733 -0.00357755 -0.0154597 0.999874 0.849756
0.468357 -0.883526 -0.00480714 153.228 0.883512 0.468292 0.0104458 117.487 -0.00697799 -0.00913952 0.999934 0.834321
0.46793 -0.883766 -0.000426438 153.636 0.883621 0.467844 0.0183311 118.246 -0.0160009 -0.00895446 0.999832 0.829516
0.468145 -0.883651 0.00103067 154.036 0.883369 0.468025 0.0247344 119.008 -0.022339 -0.0106689 0.999694 0.829314
0.466708 -0.88441 0.001432 154.431 0.884161 0.466614 0.0230248 119.771 -0.0210315 -0.00947974 0.999734 0.833694
0.464982 -0.885319 -0.00158716 154.826 0.885216 0.464899 0.0161551 120.525 -0.0135645 -0.00891679 0.999868 0.836317
0.46319 -0.886257 0.0016607 155.225 0.886257 0.463192 0.00141763 121.271 -0.00202561 0.000815174 0.999998 0.833049
0.461251 -0.887222 0.00919413 155.63 0.887263 0.461183 -0.00858834 122.018 0.00337958 0.012119 0.999921 0.822641
0.460148 -0.887785 0.0100835 156.032 0.887842 0.460131 -0.00409455 122.774 -0.00100464 0.0108366 0.999941 0.81914
0.45892 -0.88842 0.0100996 156.427 0.888417 0.458992 0.0064946 123.544 -0.0104056 0.00599215 0.999928 0.821083
0.457335 -0.889231 0.0106718 156.817 0.889147 0.457445 0.0126955 124.312 -0.016171 0.00368274 0.999862 0.833357
0.45652 -0.889649 0.0107018 157.203 0.889627 0.456611 0.00839398 125.063 -0.0123542 0.00568855 0.999907 0.845337
0.456528 -0.889679 0.00734032 157.587 0.889689 0.456558 0.00293701 125.808 -0.00596427 0.00518978 0.999969 0.846559
0.456336 -0.889807 0.000539306 157.969 0.889797 0.456334 0.00443392 126.556 -0.00419143 -0.00154349 0.99999 0.841305
0.45591 -0.890026 -0.000249171 158.347 0.889986 0.455887 0.0095805 127.312 -0.0084133 -0.00458961 0.999954 0.834554
0.455137 -0.890419 -0.00193889 158.725 0.890348 0.455071 0.013846 128.065 -0.0114464 -0.00802812 0.999902 0.838946
0.454811 -0.890582 -0.00324869 159.104 0.890472 0.454689 0.0178245 128.814 -0.014397 -0.0109996 0.999836 0.842812
0.454343 -0.890801 -0.00681376 159.479 0.890712 0.454148 0.0195141 129.56 -0.0142887 -0.0149352 0.999786 0.843852
0.453837 -0.891061 -0.00641902 159.852 0.891002 0.453686 0.0168648 130.304 -0.0121154 -0.0133732 0.999837 0.84166
0.452993 -0.891446 -0.0109976 160.218 0.891492 0.45286 0.012609 131.042 -0.00625988 -0.015516 0.99986 0.844166
0.451892 -0.891984 -0.0125562 160.583 0.892058 0.451758 0.0121378 131.774 -0.00515431 -0.0166858 0.999847 0.835255
0.454407 -0.890701 -0.0128984 160.946 0.890783 0.454281 0.0116399 132.502 -0.00450817 -0.0167789 0.999849 0.828144
0.457095 -0.88932 -0.0131985 161.27 0.88941 0.456976 0.0111262 133.137 -0.00386334 -0.0168246 0.999851 0.821803
0.459778 -0.887931 -0.013502 161.592 0.888028 0.459667 0.0106143 133.767 -0.00321832 -0.0168704 0.999852 0.815486
0.462457 -0.886534 -0.0138086 161.914 0.886638 0.462354 0.0101044 134.397 -0.00257346 -0.0169161 0.999854 0.809167
0.465131 -0.885129 -0.0141184 162.236 0.88524 0.465036 0.00959657 135.027 -0.00192865 -0.0169618 0.999854 0.80285
0.467801 -0.883716 -0.0144314 162.558 0.883833 0.467715 0.00909056 135.657 -0.00128368 -0.0170075 0.999855 0.796532
0.470467 -0.882294 -0.0147476 162.88 0.882417 0.470389 0.00858652 136.287 -0.000638714 -0.0170532 0.999854 0.790213
0.473128 -0.880865 -0.015067 163.202 0.880993 0.473059 0.00808447 136.917 6.27642e-06 -0.0170989 0.999854 0.783893
0.475785 -0.879427 -0.0153896 163.524 0.879561 0.475725 0.00758443 137.547 0.000651268 -0.0171446 0.999853 0.777573
0.478438 -0.877981 -0.0157153 163.846 0.87812 0.478387 0.00708641 138.177 0.00129627 -0.0171903 0.999851 0.771252
0.481086 -0.876527 -0.0160441 164.168 0.876671 0.481044 0.00659044 138.807 0.00194125 -0.017236 0.99985 0.76493
0.483728 -0.875065 -0.0163761 164.49 0.875214 0.483697 0.00609663 139.437 0.0025861 -0.0172817 0.999847 0.758608
0.486366 -0.873595 -0.0167111 164.812 0.873749 0.486345 0.0056049 140.067 0.00323094 -0.0173273 0.999845 0.752288
0.489 -0.872117 -0.0170492 165.134 0.872275 0.488988 0.00511523 140.697 0.0038758 -0.017373 0.999842 0.745966
0.491628 -0.870632 -0.0173904 165.456 0.870794 0.491627 0.0046278 141.327 0.00452048 -0.0174186 0.999838 0.739645
0.494251 -0.869139 -0.0177346 165.778 0.869304 0.49426 0.00414261 141.957 0.00516499 -0.0174642 0.999834 0.733324
