0.487528 -0.87274 0.0253312 0.693399 0.873031 0.487663 -0.00095341 0.549401 -0.011521 0.0225798 0.999679 0.782934
0.48565 -0.873818 0.0242007 1.09524 0.874086 0.48577 -0.00104671 1.28176 -0.0108413 0.0216619 0.999707 0.777979
0.484588 -0.874339 0.0265837 1.49993 0.874677 0.484701 -0.00243829 2.00065 -0.0107533 0.0244337 0.999644 0.779781
0.481773 -0.875942 0.0249194 1.8947 0.87622 0.481912 -0.000474 2.7339 -0.0115937 0.0220632 0.999689 0.776098
0.481728 -0.875844 0.0289082 2.32751 0.87625 0.481846 -0.00319284 3.51322 -0.0111329 0.0268689 0.999577 0.767849
0.480364 -0.876652 0.0270568 2.73481 0.87702 0.480435 -0.00423237 4.28052 -0.00928869 0.0257624 0.999625 0.76533
0.479109 -0.877418 0.0243439 3.1512 0.877732 0.479116 -0.00592668 5.04648 -0.00646337 0.0242069 0.999686 0.765693
0.477595 -0.878338 0.0206342 3.57222 0.878563 0.477601 -0.00492027 5.83678 -0.00553326 0.0204783 0.999775 0.76079
0.476611 -0.878918 0.0185704 3.97218 0.879098 0.476624 -0.00400646 6.60572 -0.00532976 0.0182348 0.99982 0.762259
0.475331 -0.879596 0.0192869 4.40152 0.879781 0.475372 -0.00267688 7.40327 -0.00681387 0.0182406 0.99981 0.762106
0.474151 -0.880206 0.0204474 4.83589 0.880407 0.474215 -0.00185632 8.21486 -0.00806253 0.0188822 0.999789 0.761255
0.473109 -0.880747 0.0212512 5.25793 0.880963 0.473183 -0.00175824 9.01649 -0.00850715 0.0195534 0.999773 0.765974
0.471702 -0.8815 0.0213363 5.67815 0.881725 0.471757 -0.00269557 9.81363 -0.00768939 0.0200842 0.999769 0.762821
0.470677 -0.882038 0.0217208 6.11813 0.882274 0.470727 -0.00306838 10.6399 -0.00751813 0.0206079 0.999759 0.758733
0.470217 -0.882276 0.0220207 6.54839 0.882505 0.4703 -0.0015729 11.4563 -0.00896862 0.020173 0.999756 0.759759
0.469974 -0.882416 0.0216017 6.97951 0.882594 0.47013 0.00250286 12.2812 -0.0123642 0.0178893 0.999763 0.754761
0.470807 -0.881933 0.0231361 7.42022 0.882091 0.471043 0.00579643 13.1199 -0.0160102 0.0176792 0.999716 0.751726
0.47212 -0.88116 0.0256762 7.86458 0.881331 0.472437 0.00773683 13.9438 -0.0189478 0.0189765 0.99964 0.743912
0.473387 -0.880398 0.0283467 8.30453 0.880627 0.473751 0.00749724 14.7797 -0.0200298 0.0214138 0.99957 0.737957
0.475055 -0.879433 0.0303331 8.73021 0.879812 0.475319 0.00172336 15.6097 -0.0159335 0.0258687 0.999538 0.698498
0.476095 -0.878887 0.0298523 9.1542 0.879323 0.476213 -0.0034774 16.4443 -0.0111598 0.0279054 0.999548 0.699421
0.477152 -0.878391 0.0274991 9.61382 0.878785 0.47718 -0.005927 17.2764 -0.00791582 0.0269939 0.999604 0.735974
0.476993 -0.878518 0.02616 10.0837 0.878866 0.477047 -0.00451812 18.1528 -0.0085103 0.0251462 0.999648 0.726152
0.477716 -0.878077 0.0277326 10.5228 0.878421 0.477888 -0.000473242 19.0118 -0.0128376 0.024587 0.999615 0.687377
0.476658 -0.878429 0.0340502 11.0005 0.87893 0.47695 0.000532946 19.8804 -0.0167084 0.0296737 0.99942 0.673859
0.475303 -0.878721 0.0440037 11.4727 0.879657 0.475589 -0.00441226 20.7512 -0.0170505 0.0408053 0.999022 0.672438
0.474521 -0.879113 0.0446128 11.9279 0.880129 0.474669 -0.00788212 21.5877 -0.014247 0.0430053 0.998973 0.665069
0.473399 -0.87993 0.0402009 12.3991 0.880785 0.473419 -0.00961465 22.4599 -0.0105717 0.0399599 0.999145 0.685432
0.471796 -0.880933 0.0369466 12.8612 0.881662 0.471784 -0.00959231 23.3466 -0.00898062 0.0371 0.999271 0.672859
0.470351 -0.881751 0.0358574 13.3285 0.882425 0.470385 -0.00799892 24.2266 -0.00981373 0.0354038 0.999325 0.686922
0.469326 -0.882307 0.0355977 13.7969 0.882939 0.469461 -0.00499343 25.1155 -0.012306 0.0337741 0.999354 0.658131
0.468217 -0.883024 0.0322652 14.2562 0.8835 0.46843 -0.0010823 26.0103 -0.0141583 0.0290131 0.999479 0.664814
0.466876 -0.883567 0.0365428 14.7349 0.884171 0.467162 -0.000791108 26.9298 -0.0163724 0.0326794 0.999332 0.643417
0.466908 -0.883545 0.0366891 15.1827 0.884111 0.467274 0.00162903 27.7878 -0.0185832 0.0316766 0.999325 0.652508
0.46663 -0.883645 0.0377898 15.6487 0.884181 0.46712 0.00485754 28.6805 -0.0219447 0.0311463 0.999274 0.627334
0.466842 -0.883553 0.0373069 16.1252 0.884084 0.467307 0.00435659 29.603 -0.021283 0.0309486 0.999294 0.595807
0.466758 -0.88355 0.0384183 16.593 0.884172 0.467159 0.00166046 30.4927 -0.0194146 0.0331933 0.99926 0.59033
0.466939 -0.883616 0.0345021 17.0334 0.88412 0.467259 0.00138327 31.3603 -0.0173437 0.0298581 0.999404 0.573659
0.466112 -0.884197 0.0305795 17.4882 0.88456 0.466415 0.0032242 32.2291 -0.0171136 0.0255465 0.999527 0.586228
0.46502 -0.88476 0.0309231 17.9514 0.885123 0.465341 0.00374462 33.1101 -0.0177029 0.0256294 0.999515 0.578713
0.46449 -0.884913 0.034329 18.4128 0.885387 0.464846 0.00276489 33.996 -0.0184044 0.0291102 0.999407 0.563403
0.464818 -0.884639 0.0368458 18.8435 0.885256 0.465104 -0.000910228 34.8197 -0.0163319 0.0330411 0.999321 0.577548
0.464328 -0.885056 0.0328051 19.3076 0.885583 0.464466 -0.00374007 35.7313 -0.0119267 0.0307882 0.999455 0.566261
0.463837 -0.885497 0.0273906 19.7775 0.885861 0.463943 -0.0027249 36.6255 -0.0102948 0.0255282 0.999621 0.573349
0.463108 -0.885998 0.0231984 20.2047 0.886211 0.463276 0.00218788 37.4616 -0.0126857 0.0195454 0.999729 0.596059
0.463433 -0.885711 0.0273028 20.6558 0.885988 0.463693 0.00375002 38.3056 -0.0159816 0.0224521 0.99962 0.585469
0.463443 -0.885533 0.0324289 21.0967 0.885968 0.463742 0.00194415 39.2065 -0.0167603 0.02783 0.999472 0.580384
0.462504 -0.886068 0.0312026 21.5408 0.88647 0.462783 0.00196233 40.0633 -0.0161788 0.0267526 0.999511 0.579879
0.461981 -0.886328 0.031546 22.0127 0.886773 0.462205 -0.000211698 40.9072 -0.0143931 0.028072 0.999502 0.586815
0.461673 -0.886489 0.0315407 22.4448 0.886924 0.461916 0.000473315 41.763 -0.0149887 0.0277556 0.999502 0.574841
0.461369 -0.88653 0.0346798 22.8842 0.887006 0.461746 0.0032974 42.6258 -0.0189365 0.0292398 0.999393 0.593451
0.460779 -0.886657 0.0390198 23.3346 0.887188 0.461356 0.00684488 43.5072 -0.0240711 0.031464 0.999215 0.570669
0.458944 -0.887479 0.0418552 23.7805 0.888086 0.459616 0.00758848 44.3537 -0.0259719 0.0336883 0.999095 0.555974
0.458046 -0.887917 0.0424023 24.2131 0.888618 0.458625 0.00454436 45.1887 -0.0234818 0.035598 0.99909 0.537502
0.456991 -0.888592 0.0395251 24.6076 0.88931 0.457302 -0.00131132 46.0121 -0.0169097 0.0357494 0.999218 0.52246
0.456236 -0.889149 0.0355313 25.0485 0.88978 0.456363 -0.00491703 46.8644 -0.0118432 0.0338584 0.999356 0.519319
0.455362 -0.889805 0.0298793 25.4264 0.890242 0.455475 -0.0033198 47.635 -0.0106553 0.0281116 0.999548 0.537036
0.455429 -0.889859 0.0271291 25.83 0.890175 0.455618 0.0008784 48.4383 -0.0131421 0.0237496 0.999632 0.537959
0.453689 -0.890832 0.024178 26.245 0.891052 0.45389 0.00328102 49.255 -0.013897 0.0200553 0.999702 0.555805
0.452655 -0.891368 0.0238026 26.6545 0.891577 0.452855 0.00352393 50.0545 -0.0139202 0.0196267 0.99971 0.557074
0.451809 -0.891839 0.0221748 27.0275 0.891985 0.452028 0.00583565 50.8192 -0.0152281 0.017143 0.999737 0.549748
0.450029 -0.892816 0.018769 27.3892 0.892876 0.450229 0.0080765 51.5285 -0.0156612 0.0131238 0.999791 0.557953
0.448816 -0.893467 0.0167359 27.7545 0.893479 0.449002 0.00962433 52.2671 -0.0161135 0.0106336 0.999814 0.548961
0.447587 -0.894042 0.0188348 28.1188 0.894052 0.447826 0.0111004 52.9919 -0.0183589 0.0118709 0.999761 0.527632
0.44626 -0.894684 0.0198102 28.4928 0.894669 0.446541 0.0129803 53.7213 -0.0204594 0.011931 0.99972 0.509725
0.445193 -0.895178 0.0214245 28.8097 0.895126 0.44554 0.0156002 54.4105 -0.0235104 0.0122325 0.999649 0.505501
0.443668 -0.895909 0.0224842 29.1414 0.895844 0.444055 0.0167154 55.1202 -0.0249597 0.0127263 0.999608 0.511883
0.442208 -0.896583 0.0243007 29.4824 0.896619 0.442594 0.0135908 55.7999 -0.0229407 0.0157785 0.999612 0.510505
0.441587 -0.896965 0.0213105 29.7812 0.897064 0.441827 0.00806846 56.4332 -0.0166527 0.015554 0.99974 0.506538
0.440622 -0.89752 0.0176277 30.0855 0.897639 0.440725 0.00226549 57.0821 -0.00980227 0.0148251 0.999842 0.528695
0.440442 -0.897714 0.0110007 30.4068 0.89775 0.440496 0.00294766 57.7396 -0.0074919 0.00857757 0.999935 0.525716
0.439813 -0.898032 0.0101487 30.6988 0.898035 0.439883 0.00596623 58.3519 -0.00982212 0.0064899 0.999931 0.553108
0.438615 -0.898579 0.013119 30.9862 0.898585 0.438731 0.00775373 58.9692 -0.0127231 0.00838763 0.999884 0.550518
0.437309 -0.899204 0.0138759 31.2629 0.899258 0.437399 0.00417588 59.5125 -0.00982428 0.0106519 0.999895 0.554751
0.437865 -0.898881 0.0169547 31.5319 0.899025 0.437892 -0.00229692 60.0513 -0.00535968 0.0162484 0.999854 0.539179
0.438566 -0.898523 0.0177993 31.7961 0.898699 0.438493 -0.00803391 60.6071 -0.0005862 0.0195196 0.999809 0.558753
0.441684 -0.897045 0.015003 32.0701 0.897171 0.441611 -0.00804788 61.1576 0.000593839 0.0170148 0.999855 0.557566
0.444835 -0.895525 0.0125095 32.2982 0.895611 0.444814 -0.00454362 61.6592 -0.00149546 0.0132248 0.999911 0.570026
0.449456 -0.893211 0.012803 32.5485 0.89329 0.449479 -0.00121113 62.1414 -0.00467287 0.0119811 0.999917 0.569156
0.454377 -0.890643 0.0172246 32.7842 0.890761 0.45447 0.00166955 62.6066 -0.00931501 0.0145844 0.99985 0.58152
0.461226 -0.886929 0.0250689 33.0384 0.887185 0.46141 0.00181037 63.072 -0.0131727 0.0214058 0.999684 0.609916
0.470865 -0.881862 0.0246125 33.2924 0.882097 0.471061 0.00254116 63.5456 -0.0138349 0.020514 0.999694 0.636104
0.483136 -0.875295 0.0209494 33.5251 0.875427 0.483325 0.00487448 63.9998 -0.014392 0.0159846 0.999769 0.61288
0.499592 -0.86609 0.0172382 33.7367 0.86614 0.499756 0.00677328 64.4355 -0.0144811 0.0115468 0.999828 0.615693
0.518442 -0.854947 0.0168324 34.0043 0.854964 0.518618 0.00841122 64.8234 -0.0159208 0.0100304 0.999823 0.611944
0.53874 -0.842246 0.0195244 34.3123 0.842287 0.538963 0.00846134 65.2056 -0.0176495 0.0118867 0.999774 0.604121
0.565061 -0.824675 0.0248599 34.4997 0.824794 0.565379 0.00782112 65.5667 -0.0205051 0.0160849 0.99966 0.632224
0.59331 -0.804565 0.0256602 34.7258 0.804644 0.593678 0.00971379 65.9035 -0.0230493 0.0148841 0.999623 0.634361
0.623507 -0.781427 0.0247081 35.0171 0.781426 0.623884 0.0119043 66.2329 -0.0247173 0.0118851 0.999624 0.615814
0.655264 -0.754958 0.0258361 35.2857 0.754949 0.655671 0.0121478 66.54 -0.0261111 0.011545 0.999592 0.603144
0.687563 -0.725614 0.0272166 35.5834 0.725601 0.688008 0.012184 66.8163 -0.0275661 0.0113711 0.999555 0.595668
0.726596 -0.686539 0.0268962 35.7896 0.686513 0.727024 0.0116276 67.1244 -0.0275371 0.010016 0.999571 0.578669
0.762761 -0.646159 0.0259458 36.0777 0.646121 0.763156 0.0109764 67.3588 -0.0268932 0.00839175 0.999603 0.572399
0.798501 -0.601521 0.0238338 36.4179 0.601466 0.798833 0.0102255 67.5792 -0.0251901 0.00617016 0.999664 0.582825
0.83473 -0.550196 0.022587 36.7359 0.550115 0.835027 0.0102155 67.8333 -0.0244812 0.00389823 0.999693 0.569613
0.868475 -0.495261 0.0216128 37.0826 0.495191 0.868739 0.00885808 68.0383 -0.0231629 0.00300944 0.999727 0.559001
0.899277 -0.436792 0.0226585 37.4744 0.436755 0.899554 0.00682737 68.1973 -0.0233647 0.00375651 0.99972 0.537041
0.925456 -0.37819 0.022437 37.7858 0.378147 0.925724 0.00630755 68.2539 -0.023156 0.00264713 0.999728 0.540136
0.947623 -0.318442 0.0246039 38.1224 0.318354 0.947942 0.00754136 68.329 -0.0257246 0.000686374 0.999669 0.543709
0.965907 -0.257542 0.0263748 38.4996 0.257383 0.966264 0.0093392 68.427 -0.0278902 -0.00223239 0.999608 0.53543
0.980212 -0.195968 0.027943 38.8866 0.195775 0.980603 0.00951468 68.477 -0.0292655 -0.00385587 0.999564 0.514847
0.99039 -0.135632 0.0270526 39.2834 0.135499 0.990755 0.00668792 68.5521 -0.0277096 -0.00295803 0.999612 0.498778
0.996629 -0.0777139 0.0262749 39.6434 0.0776602 0.996975 0.00305872 68.5044 -0.0264331 -0.00100789 0.99965 0.526573
0.999427 -0.0207086 0.0267699 40.0011 0.0206183 0.999781 0.00364279 68.5045 -0.0268395 -0.00308875 0.999635 0.52155
0.999098 0.0339496 0.0255094 40.4389 -0.0341459 0.99939 0.00729976 68.5493 -0.025246 -0.00816421 0.999648 0.537506
0.996001 0.0856099 0.0255518 40.8454 -0.0858377 0.996277 0.00795517 68.5529 -0.0247756 -0.0101167 0.999642 0.511743
0.990874 0.132977 0.0220251 41.225 -0.13306 0.991105 0.00237875 68.4636 -0.0215129 -0.00528772 0.999755 0.470046
0.984194 0.175897 0.0205717 41.6082 -0.17574 0.984393 -0.00925452 68.394 -0.0218784 0.00549298 0.999746 0.494072
0.976432 0.214579 0.0231803 42.0118 -0.214223 0.976639 -0.0168844 68.3267 -0.0262618 0.0115207 0.999589 0.497564
0.968411 0.248116 0.0248772 42.3707 -0.247843 0.968705 -0.0135816 68.1971 -0.0274685 0.00698695 0.999598 0.516612
0.959902 0.279304 0.0240114 42.734 -0.279285 0.960199 -0.00423713 68.0869 -0.0242392 -0.00263879 0.999703 0.519588
0.951332 0.307429 0.0213413 43.1423 -0.307577 0.951515 0.00393744 67.9988 -0.0190961 -0.0103099 0.999765 0.49205
0.942613 0.333323 0.019389 43.5238 -0.333456 0.942757 0.00400696 67.8812 -0.0169435 -0.0102424 0.999804 0.484343
0.93451 0.355597 0.015573 43.8844 -0.355607 0.934633 -0.00220567 67.7063 -0.0153394 -0.00347666 0.999876 0.448557
0.926989 0.374999 0.00825902 44.3198 -0.374949 0.927019 -0.00699888 67.526 -0.0102808 0.00339117 0.999941 0.427862
0.919412 0.393295 0.00022337 44.7223 -0.393287 0.919397 -0.00585969 67.3522 -0.00250995 0.00529962 0.999983 0.433112
0.912254 0.409624 0.00014657 45.1023 -0.409624 0.912254 -5.6822e-05 67.1665 -0.000156985 -8.20263e-06 1 0.470673
0.905632 0.424037 0.00482549 45.5354 -0.424045 0.905641 0.000591422 66.9713 -0.00411937 -0.00258183 0.999988 0.458904
0.899265 0.437303 0.00938631 45.9768 -0.437321 0.899305 -9.73579e-05 66.8141 -0.00848374 -0.00401728 0.999956 0.454907
0.892646 0.450629 0.0108116 46.4068 -0.45063 0.892707 -0.00246656 66.5697 -0.0107631 -0.00267027 0.999938 0.436758
0.887131 0.461402 0.0103328 46.8156 -0.461366 0.887191 -0.00574644 66.3257 -0.0118186 0.000330648 0.99993 0.424935
0.88257 0.470107 0.00836754 47.2815 -0.47005 0.882604 -0.00794879 66.0509 -0.011122 0.0030822 0.999933 0.404465
0.878994 0.476791 0.00629573 47.7509 -0.476724 0.879 -0.00971103 65.812 -0.0101641 0.00553461 0.999933 0.423253
0.875702 0.482831 0.00440197 48.2508 -0.482762 0.875679 -0.011267 65.5504 -0.00929479 0.00774147 0.999927 0.425393
0.87302 0.487666 0.0042267 48.6964 -0.487597 0.872996 -0.0112843 65.2867 -0.00919284 0.00779045 0.999927 0.427552
0.869695 0.493576 0.00357462 49.2099 -0.49352 0.869672 -0.0104251 65.003 -0.00825434 0.00730252 0.999939 0.422933
0.867229 0.4979 0.00305241 49.7323 -0.497834 0.867188 -0.0121136 64.691 -0.00867835 0.00898563 0.999922 0.411402
0.866029 0.499991 0.00181398 50.2985 -0.499925 0.865964 -0.013476 64.3666 -0.0083087 0.0107637 0.999908 0.414322
0.864739 0.502216 0.00248272 50.8423 -0.502147 0.864685 -0.0129796 64.0432 -0.00866534 0.00997728 0.999913 0.403897
0.863534 0.504287 0.00186133 51.4052 -0.50422 0.863469 -0.0135527 63.7066 -0.00844164 0.0107647 0.999906 0.418633
0.862967 0.505255 0.00234008 51.9502 -0.505191 0.862916 -0.0125297 63.3592 -0.00834997 0.00963052 0.999919 0.412365
0.863374 0.504563 0.000961498 52.5493 -0.504497 0.86329 -0.0146028 63.0078 -0.00819808 0.0121226 0.999893 0.413556
0.864619 0.502427 -0.000931619 53.1778 -0.502363 0.864477 -0.0176093 62.6382 -0.00804203 0.0156934 0.999845 0.403653
0.865765 0.500443 -0.00266389 53.8245 -0.50038 0.865542 -0.0213741 62.2733 -0.00839082 0.0198379 0.999768 0.396403
0.868471 0.495729 -0.00325823 54.4394 -0.495671 0.868223 -0.0223351 61.9286 -0.00824326 0.0210124 0.999745 0.401599
0.870728 0.491763 -0.0014954 55.1294 -0.491683 0.870525 -0.0208431 61.5201 -0.00894807 0.0188839 0.999782 0.388417
0.873035 0.487657 0.000841746 55.794 -0.487562 0.872896 -0.0182942 61.1763 -0.00965605 0.0155611 0.999832 0.382179
0.875029 0.48405 0.00439086 56.4791 -0.483925 0.874954 -0.0165155 60.8095 -0.0118361 0.0123267 0.999854 0.376998
0.876848 0.480726 0.00640803 57.1981 -0.480564 0.876786 -0.0174628 60.4282 -0.0140133 0.0122328 0.999827 0.351
0.878566 0.47757 0.00704621 57.8792 -0.477421 0.878528 -0.0160387 60.0438 -0.0138499 0.0107271 0.999847 0.350504
0.880213 0.474569 0.00305354 58.6463 -0.474476 0.880138 -0.0151398 59.6738 -0.00987243 0.0118775 0.999881 0.335943
0.880767 0.47355 0.000785067 59.3805 -0.473528 0.88074 -0.00826984 59.293 -0.00460762 0.00691205 0.999965 0.359665
0.880861 0.473374 -0.0014039 60.069 -0.47337 0.880833 -0.00729627 58.9257 -0.00221726 0.00709156 0.999972 0.379775
0.880641 0.473783 0.00090432 60.8577 -0.473777 0.880636 -0.0039504 58.5482 -0.00266801 0.00305044 0.999992 0.35637
0.880796 0.473491 0.00224426 61.5759 -0.473484 0.880797 -0.00298612 58.1463 -0.00339064 0.00156754 0.999993 0.366504
0.88055 0.473928 0.00481355 62.263 -0.473923 0.880563 -0.00216028 57.7656 -0.00526245 -0.000379021 0.999986 0.356264
0.880773 0.473492 0.00658951 63.0083 -0.473504 0.880791 0.000261496 57.3913 -0.00568017 -0.00335048 0.999978 0.364876
0.880885 0.473295 0.00575101 63.7168 -0.473297 0.880902 -0.00113637 57.0264 -0.00560392 -0.00172092 0.999983 0.380367
0.880739 0.473561 0.00625728 64.4437 -0.47357 0.880756 -2.26165e-05 56.6369 -0.00552185 -0.00294334 0.99998 0.373785
0.880204 0.474551 0.00653015 65.1591 -0.474576 0.880209 0.00303348 56.283 -0.00430836 -0.00576914 0.999974 0.402195
0.879222 0.476353 0.00755986 65.8703 -0.476389 0.879226 0.00390437 55.8869 -0.00478696 -0.00703424 0.999964 0.384445
0.877149 0.480142 0.00859217 66.6201 -0.48019 0.877152 0.00464769 55.5257 -0.00530509 -0.00820259 0.999952 0.361893
0.875166 0.483677 0.0118314 67.3459 -0.483762 0.875182 0.00563928 55.1538 -0.00762703 -0.0106589 0.999914 0.374656
0.872415 0.488571 0.0138158 68.0802 -0.488679 0.872445 0.00576572 54.7523 -0.00923658 -0.0117816 0.999888 0.383401
0.868484 0.495464 0.0158245 68.7767 -0.495619 0.868505 0.00786046 54.3283 -0.0098491 -0.0146696 0.999844 0.416482
0.864414 0.50252 0.0161626 69.4832 -0.502695 0.864413 0.00936125 53.9147 -0.00926691 -0.0162168 0.999826 0.390451
0.859064 0.511608 0.0162941 70.1861 -0.511788 0.859056 0.00976838 53.4878 -0.00900001 -0.0167308 0.99982 0.406697
0.853571 0.520702 0.0169166 70.827 -0.520872 0.853601 0.00764459 53.125 -0.0104594 -0.0153366 0.999828 0.380187
0.848804 0.528366 0.0190296 71.52 -0.528594 0.848819 0.00972214 52.7071 -0.0110158 -0.0183111 0.999772 0.410857
0.842652 0.538133 0.0187178 72.1874 -0.538317 0.842718 0.00641983 52.2804 -0.0123191 -0.0154858 0.999804 0.40706
0.836727 0.54724 0.0203816 72.8667 -0.547479 0.836776 0.00850839 51.8294 -0.0123987 -0.0182777 0.999756 0.405049
0.830384 0.556859 0.0192451 73.4973 -0.557081 0.830412 0.00875029 51.4048 -0.0111087 -0.0179872 0.999776 0.408268
0.824732 0.565117 0.0214471 74.1293 -0.565445 0.824656 0.0146218 50.9403 -0.00942347 -0.0241862 0.999663 0.40505
0.818348 0.574357 0.0205144 74.7861 -0.574657 0.818273 0.0140989 50.5243 -0.00868855 -0.0233266 0.99969 0.409551
0.812498 0.582636 0.0195614 75.4128 -0.582907 0.81243 0.0133105 50.0562 -0.00813707 -0.0222172 0.99972 0.381184
0.807487 0.58962 0.0177028 75.9744 -0.589839 0.807436 0.0117149 49.6483 -0.00738651 -0.0199014 0.999775 0.421975
0.802091 0.596946 0.0174687 76.6337 -0.597159 0.802039 0.0115822 49.1918 -0.00709663 -0.0197215 0.99978 0.428254
0.79632 0.604662 0.0160417 77.206 -0.604831 0.796302 0.00907855 48.7316 -0.00728457 -0.016932 0.99983 0.423807
0.792315 0.609918 0.0154035 77.7847 -0.610051 0.79234 0.00582447 48.3128 -0.00865239 -0.0140118 0.999864 0.425678
0.789307 0.613786 0.0161785 78.3606 -0.613917 0.789358 0.00448516 47.8922 -0.0100177 -0.0134724 0.999859 0.416818
0.786649 0.617216 0.0151072 78.9239 -0.617297 0.786729 0.000958484 47.4261 -0.0112937 -0.0100796 0.999885 0.443382
0.78569 0.618442 0.0148564 79.4942 -0.618485 0.785794 -0.00204165 46.9526 -0.0129367 -0.00758436 0.999888 0.455962
0.78414 0.620415 0.0144607 80.057 -0.620421 0.784255 -0.00461237 46.5325 -0.0142025 -0.00535497 0.999885 0.471473
0.783357 0.621457 0.011956 80.6288 -0.621416 0.783446 -0.00736382 46.1103 -0.0139432 -0.00166114 0.999901 0.468351
0.783811 0.620932 0.00915693 81.1097 -0.620867 0.783863 -0.00909268 45.7126 -0.0128237 0.0014417 0.999917 0.468373
0.785765 0.618506 0.00473529 81.6572 -0.618445 0.785764 -0.010054 45.322 -0.00993927 0.00497154 0.999938 0.455855
0.788924 0.614437 0.00818478 82.1211 -0.614412 0.788966 -0.00556053 44.9464 -0.00987411 -0.000641992 0.999951 0.469732
0.793762 0.608197 0.0061729 82.6058 -0.608164 0.793785 -0.00650844 44.5801 -0.00885837 0.00141201 0.99996 0.456366
0.799819 0.600188 0.00803179 83.0832 -0.600177 0.799857 -0.00400547 44.2114 -0.00882833 -0.00161684 0.99996 0.463496
0.807458 0.589892 0.00627239 83.5727 -0.589882 0.807481 -0.00361007 43.896 -0.00719439 -0.000784988 0.999974 0.463977
0.816704 0.577038 0.00455873 84.0506 -0.577025 0.816717 -0.00399297 43.5953 -0.00602729 0.000630579 0.999982 0.478255
0.829101 0.559098 0.000999014 84.488 -0.559093 0.829098 -0.00329412 43.2956 -0.00267002 0.00217261 0.999994 0.472787
0.842392 0.538865 0.00032373 84.9253 -0.538864 0.842392 -0.000998927 43.0317 -0.000810994 0.000667042 0.999999 0.47371
0.856519 0.516115 0.000643341 85.4139 -0.516115 0.856517 0.00204506 42.818 0.000504457 -0.00208367 0.999998 0.499923
0.871749 0.489952 -0.000796644 85.8998 -0.489951 0.871749 0.00110832 42.592 0.0012375 -0.00057586 0.999999 0.483837
0.888947 0.45801 0.00051078 86.3782 -0.458009 0.888947 -0.000924198 42.4229 -0.000877348 0.000587621 0.999999 0.479927
0.906338 0.422545 0.00259505 86.8585 -0.422538 0.906341 -0.00285871 42.26 -0.00355993 0.00149445 0.999993 0.494871
0.924513 0.381098 0.00626665 87.3557 -0.381094 0.924534 -0.00184609 42.1282 -0.00649728 -0.000681448 0.999979 0.505971
0.941874 0.335861 0.00839875 87.8418 -0.33586 0.941911 -0.00164798 41.9935 -0.00846436 -0.00126861 0.999963 0.500889
0.958837 0.283764 0.0104973 88.3828 -0.283784 0.958888 0.000416471 41.833 -0.00994755 -0.0033783 0.999945 0.507052
0.973308 0.229284 0.00996278 88.9133 -0.229294 0.973357 -0.000192958 41.7699 -0.00974159 -0.0020966 0.99995 0.50402
0.98544 0.169773 0.00919873 89.4258 -0.169768 0.985483 -0.00136863 41.7687 -0.00929755 -0.000212947 0.999957 0.494488
0.994515 0.104372 0.00678938 89.9107 -0.104369 0.994538 -0.000879874 41.7439 -0.00684413 0.00016645 0.999977 0.520779
0.999289 0.0375987 0.00273009 90.3814 -0.0375867 0.999284 -0.00432356 41.7479 -0.00289069 0.00421787 0.999987 0.526234
0.999561 -0.0295535 -0.0018553 90.8457 0.0295439 0.999551 -0.00499672 41.8155 0.00200214 0.00493972 0.999986 0.524467
0.99505 -0.0992369 -0.00522148 91.3071 0.0992142 0.995056 -0.00444986 41.9307 0.00563725 0.00390979 0.999976 0.508838
0.985682 -0.168533 -0.00525256 91.7488 0.168516 0.985693 -0.00342089 42.0304 0.00575394 0.00248677 0.99998 0.519813
0.971671 -0.236263 -0.0060008 92.1953 0.236227 0.971678 -0.00615324 42.1875 0.00728463 0.00456137 0.999963 0.519411
0.953194 -0.30235 -0.00231658 92.652 0.302333 0.953184 -0.00588584 42.3298 0.00398771 0.00490997 0.99998 0.534756
0.931345 -0.364137 0.000500282 93.0255 0.364136 0.931334 -0.00468907 42.4955 0.00124154 0.00454931 0.999989 0.517057
0.905007 -0.425365 0.00523115 93.4168 0.425383 0.905009 -0.00297463 42.7284 -0.00346893 0.0049173 0.999982 0.523703
0.876043 -0.482128 0.0100339 93.8384 0.482177 0.876068 -0.0030754 42.9839 -0.00730766 0.00753231 0.999945 0.543596
0.846991 -0.531457 0.0126481 94.183 0.531508 0.847053 -0.000774229 43.2516 -0.0103021 0.00737833 0.99992 0.54824
0.818467 -0.574365 0.0147315 94.5393 0.574356 0.818589 0.00521497 43.539 -0.0150543 0.00419285 0.999878 0.557972
0.791549 -0.610944 0.0140511 94.9071 0.610835 0.791674 0.0115196 43.8033 -0.0181617 -0.000535423 0.999835 0.562972
0.768055 -0.640321 0.00897792 95.2065 0.640216 0.768099 0.0121709 44.1578 -0.0146892 -0.00360009 0.999886 0.549046
0.746762 -0.665064 0.00594914 95.5337 0.664986 0.746773 0.0111055 44.4402 -0.0118285 -0.00433708 0.999921 0.502814
0.730545 -0.682832 0.0066403 95.8593 0.682771 0.730571 0.0094705 44.7324 -0.011318 -0.00238483 0.999933 0.518585
0.718392 -0.695564 0.0101428 96.1933 0.695527 0.718462 0.00735397 45.0285 -0.0124024 0.00177155 0.999921 0.515725
0.710095 -0.704045 0.00920298 96.5593 0.703964 0.710154 0.0107867 45.4277 -0.0141299 -0.00118105 0.9999 0.53363
0.703426 -0.710752 0.00486363 96.9104 0.710669 0.703426 0.0118892 45.8004 -0.0118715 -0.00490673 0.999918 0.522081
0.699161 -0.714965 4.23511e-05 97.2261 0.714895 0.699093 0.0139307 46.1679 -0.00998959 -0.00970955 0.999903 0.521682
0.697192 -0.716859 -0.0060209 97.6455 0.71685 0.697052 0.0156342 46.5931 -0.00701066 -0.0152162 0.99986 0.51994
0.697068 -0.716962 -0.00777442 98.0046 0.716988 0.696938 0.0143136 46.97 -0.00484405 -0.0155518 0.999867 0.511734
0.699416 -0.714652 -0.00952054 98.3772 0.714708 0.699288 0.0137294 47.3542 -0.00315413 -0.016407 0.99986 0.499952
0.703026 -0.711065 -0.0118612 98.7841 0.71116 0.70298 0.0083968 47.7607 0.00236751 -0.0143384 0.999894 0.49835
0.706788 -0.707299 -0.0134079 99.1652 0.707408 0.706777 0.00631549 48.2043 0.00500949 -0.0139486 0.99989 0.515489
0.709719 -0.704273 -0.0172856 99.6184 0.704462 0.709682 0.00924713 48.6497 0.00575477 -0.0187399 0.999808 0.518586
0.713931 -0.700015 -0.0167561 99.9953 0.700208 0.713829 0.0124914 49.0429 0.00321683 -0.0206508 0.999782 0.505024
0.716889 -0.697084 -0.0119921 100.47 0.697187 0.716769 0.0130961 49.5254 -0.000533548 -0.0177492 0.999842 0.504336
0.719589 -0.694368 -0.00663505 100.915 0.694385 0.719478 0.0134227 49.9603 -0.00454649 -0.0142661 0.999888 0.511122
0.722609 -0.691223 -0.0068346 101.391 0.691199 0.722384 0.0201464 50.4219 -0.00898842 -0.019282 0.999774 0.500201
0.72424 -0.689536 -0.0040225 101.841 0.689481 0.724077 0.0181319 50.8084 -0.00959003 -0.0159053 0.999827 0.492204
0.724184 -0.689595 -0.00397505 102.387 0.689566 0.724066 0.0150613 51.3103 -0.00750801 -0.0136482 0.999879 0.485107
0.724466 -0.6893 -0.00370803 102.865 0.689308 0.724439 0.00653726 51.7924 -0.00181989 -0.007292 0.999972 0.502045
0.723716 -0.69007 -0.00617014 103.354 0.690092 0.723718 0.00231384 52.2732 0.00286873 -0.00593252 0.999978 0.498469
0.721997 -0.69174 -0.0146928 103.843 0.69187 0.721991 0.00672028 52.763 0.00595939 -0.0150175 0.999869 0.501029
0.720259 -0.693497 -0.0170033 104.365 0.693695 0.720168 0.0120897 53.2413 0.00386105 -0.0205029 0.999782 0.498943
0.719057 -0.694869 -0.0107028 104.885 0.694947 0.718917 0.0143602 53.7304 -0.00228404 -0.0177637 0.99984 0.49405
0.716976 -0.697088 -0.0037724 105.426 0.697047 0.716847 0.0159694 54.2455 -0.00842781 -0.0140792 0.999865 0.497799
0.716662 -0.697394 -0.00606995 105.943 0.697375 0.716491 0.0175782 54.8293 -0.00790989 -0.0168307 0.999827 0.512374
0.715 -0.699091 -0.00683341 106.467 0.69911 0.714892 0.0132028 55.3398 -0.00434483 -0.0142173 0.999889 0.518486
0.711566 -0.702581 -0.0073274 107.036 0.702619 0.711526 0.00751817 55.8952 -6.84853e-05 -0.010498 0.999945 0.524839
0.708549 -0.705561 -0.0119494 107.601 0.705659 0.708489 0.00939518 56.4324 0.00183715 -0.0150892 0.999884 0.534288
0.705158 -0.708944 -0.012301 108.139 0.709048 0.705099 0.00931647 56.9697 0.0020686 -0.0152916 0.999881 0.521993
0.702438 -0.711699 -0.00804001 108.735 0.711745 0.702396 0.00773865 57.581 0.000139681 -0.0111584 0.999938 0.517528
0.700897 -0.713214 -0.00835353 109.283 0.713258 0.700801 0.0118667 58.1327 -0.00260937 -0.0142756 0.999895 0.51872
0.700073 -0.714047 -0.00586188 109.864 0.714061 0.699995 0.0110886 58.7192 -0.00381448 -0.0119486 0.999921 0.520108
0.699489 -0.714636 -0.00321403 110.436 0.714627 0.699434 0.0100199 59.2929 -0.00491262 -0.00930567 0.999945 0.519991
0.699991 -0.714142 -0.00376692 111.009 0.714127 0.699913 0.0120125 59.9116 -0.00594211 -0.0110987 0.999921 0.528773
0.699718 -0.714408 -0.00399723 111.594 0.714403 0.699653 0.0107111 60.5197 -0.00485539 -0.0103503 0.999935 0.530883
0.699285 -0.714804 -0.00744375 112.175 0.714836 0.699195 0.0116887 61.1233 -0.00315053 -0.0134948 0.999904 0.528702
0.700925 -0.713094 -0.0141799 112.757 0.713234 0.700764 0.0150201 61.7313 -0.000774011 -0.0206415 0.999787 0.521814
0.702542 -0.71144 -0.0169635 113.366 0.71164 0.70227 0.0196329 62.3684 -0.00205468 -0.0258649 0.999663 0.519129
0.705011 -0.709031 -0.0153275 113.965 0.709189 0.704742 0.0197224 62.9963 -0.00318183 -0.0247746 0.999688 0.512231
0.707343 -0.706732 -0.0140032 114.574 0.706865 0.707121 0.0179253 63.6108 -0.00276644 -0.0225777 0.999741 0.519946
0.709251 -0.704787 -0.0154233 115.172 0.704954 0.709028 0.0178658 64.2088 -0.00165604 -0.0235441 0.999721 0.514348
0.710207 -0.703876 -0.0128363 115.774 0.703993 0.710063 0.0143091 64.7843 -0.000957273 -0.019199 0.999815 0.511354
0.709911 -0.704218 -0.0101654 116.4 0.704291 0.709827 0.010923 65.3599 -0.000476476 -0.0149138 0.999889 0.530149
0.710508 -0.70362 -0.0098648 117.01 0.703688 0.710412 0.0117157 65.9631 -0.00123532 -0.0152658 0.999883 0.53893
0.71201 -0.702083 -0.0110196 117.622 0.702164 0.711857 0.0149854 66.5595 -0.00267661 -0.0184074 0.999827 0.544525
0.713044 -0.701037 -0.0107591 118.244 0.701092 0.712797 0.0197598 67.1951 -0.0061833 -0.0216327 0.999747 0.54985
0.713969 -0.700116 -0.00920536 118.831 0.700077 0.713584 0.0262519 67.8388 -0.0118106 -0.0251875 0.999613 0.539374
0.714499 -0.699519 -0.0127833 119.439 0.699617 0.714228 0.0203437 68.4172 -0.00510061 -0.023479 0.999711 0.533454
0.714675 -0.699249 -0.0170439 120.025 0.699435 0.714634 0.00947291 68.9873 0.0055562 -0.0186911 0.99981 0.527008
0.714536 -0.699325 -0.019549 120.643 0.699464 0.714668 0.000362252 69.6046 0.0137177 -0.0139326 0.999809 0.579597
0.713551 -0.700427 -0.0157215 121.253 0.700573 0.71355 0.00666873 70.1741 0.00654711 -0.0157725 0.999854 0.590501
0.713481 -0.700654 -0.00528444 121.871 0.70061 0.713293 0.0189444 70.7955 -0.00950416 -0.0172188 0.999807 0.579525
0.712961 -0.70111 0.0114919 122.514 0.70069 0.71297 0.0265925 71.3995 -0.0268377 -0.0109072 0.99958 0.548278
0.711291 -0.702835 0.00938321 123.078 0.702538 0.711291 0.0224737 71.956 -0.0224695 -0.00939328 0.999703 0.508525
0.71048 -0.703688 -0.00641326 123.636 0.703688 0.710337 0.015633 72.5737 -0.00644519 -0.0156199 0.999857 0.553317
0.70921 -0.70483 -0.015364 124.227 0.704991 0.709126 0.0112724 73.1554 0.00294983 -0.018826 0.999818 0.525938
0.708024 -0.706085 -0.0120779 124.804 0.70618 0.707997 0.00712423 73.7111 0.0035208 -0.0135733 0.999902 0.542958
0.706123 -0.708027 -0.00935222 125.385 0.708088 0.706088 0.00723029 74.3146 0.00148424 -0.0117277 0.99993 0.572243
0.703898 -0.710201 -0.0119325 125.978 0.710299 0.703836 0.00949864 74.9307 0.00165256 -0.0151617 0.999884 0.56339
0.700677 -0.713372 -0.0123349 126.547 0.713473 0.700635 0.00814144 75.5433 0.00283439 -0.0145051 0.999891 0.579036
0.697876 -0.71609 -0.0135493 127.089 0.716208 0.697843 0.00785214 76.1159 0.00383244 -0.0151839 0.999877 0.604179
0.696239 -0.717656 -0.0148886 127.638 0.717801 0.696185 0.00943152 76.7024 0.00359663 -0.0172536 0.999845 0.612449
0.695524 -0.718359 -0.0143536 128.205 0.7185 0.695435 0.011275 77.3 0.00188254 -0.0181551 0.999833 0.616314
0.694309 -0.719583 -0.0116721 128.773 0.719676 0.694189 0.0129343 77.9219 -0.00120463 -0.0173806 0.999848 0.615353
0.693107 -0.720785 -0.00842743 129.353 0.720826 0.692997 0.0128158 78.4857 -0.00339723 -0.0149574 0.999882 0.622491
0.691011 -0.722805 -0.00750574 129.925 0.722843 0.690954 0.00899221 79.0946 -0.0013135 -0.0116392 0.999931 0.63195
0.6881 -0.725546 -0.0100715 130.461 0.72561 0.688083 0.0056432 79.6667 0.00283562 -0.0111911 0.999933 0.622831
0.683023 -0.730339 -0.00923564 131.015 0.730391 0.683015 0.00445813 80.2663 0.00305213 -0.00979063 0.999947 0.631477
0.678607 -0.734471 -0.00666795 131.56 0.734501 0.678584 0.00559902 80.8657 0.000412449 -0.00869716 0.999962 0.626624
0.673255 -0.739411 -0.000272187 132.087 0.739367 0.673211 0.011155 81.4278 -0.00806492 -0.00771144 0.999938 0.647163
0.670409 -0.741948 0.00803858 132.649 0.741751 0.670428 0.0182266 82.0863 -0.0189125 -0.00625665 0.999802 0.631982
0.667375 -0.744685 0.00748332 133.169 0.744415 0.667354 0.0220312 82.6665 -0.0214003 -0.00913237 0.999729 0.660991
0.663834 -0.747872 0.00342002 133.652 0.747673 0.66375 0.0205302 83.2336 -0.017624 -0.0110716 0.999783 0.640737
0.658896 -0.752229 0.00260004 134.209 0.752193 0.658892 0.00817254 83.8517 -0.00786077 -0.00342913 0.999963 0.662611
0.653785 -0.756681 0.000327689 134.717 0.75668 0.653784 0.00130485 84.47 -0.00120159 -0.000605133 0.999999 0.648283
0.648848 -0.760918 0.00076833 135.262 0.760917 0.648849 0.000936016 85.0998 -0.00121076 -2.26973e-05 0.999999 0.623404
0.643332 -0.765586 -0.00129065 135.784 0.765579 0.643316 0.00585901 85.7366 -0.00365528 -0.00475738 0.999982 0.629615
0.63743 -0.770504 -0.0026342 136.291 0.770501 0.637404 0.00666078 86.3605 -0.00345311 -0.00627543 0.999974 0.643646
0.630086 -0.776505 -0.00561655 136.784 0.776526 0.630071 0.00435788 86.9985 0.000154902 -0.00710723 0.999975 0.644198
0.622797 -0.782335 -0.00870637 137.267 0.782377 0.622798 0.00294737 87.6311 0.00311649 -0.00864728 0.999958 0.63453
0.616015 -0.787696 -0.00780327 137.822 0.787732 0.616008 0.00354174 88.331 0.00201706 -0.00832865 0.999963 0.646566
0.609991 -0.792355 -0.00917055 138.29 0.792405 0.609916 0.00985509 88.9461 -0.00221546 -0.0132783 0.999909 0.642287
0.603236 -0.797522 -0.00810439 138.787 0.797525 0.603078 0.0158314 89.6149 -0.00773831 -0.0160135 0.999842 0.645279
0.596927 -0.802282 -0.00468482 139.268 0.802204 0.596761 0.0185731 90.2838 -0.0121052 -0.014845 0.999816 0.642901
0.591635 -0.806194 -0.00439276 139.751 0.80608 0.591437 0.0208987 90.9511 -0.0142503 -0.0159053 0.999772 0.655853
0.587782 -0.809002 -0.00520814 140.257 0.808922 0.5876 0.0192765 91.6658 -0.0125344 -0.0155434 0.999801 0.643745
0.583905 -0.811755 -0.0104765 140.714 0.81179 0.583718 0.0164406 92.3379 -0.00723036 -0.0181045 0.99981 0.653243
0.581265 -0.813513 -0.0181037 141.192 0.813712 0.581075 0.0149734 93.0014 -0.00166144 -0.0234347 0.999724 0.667551
0.578857 -0.815082 -0.0237704 141.642 0.815427 0.578672 0.014754 93.6672 0.0017295 -0.0279235 0.999609 0.655507
0.576037 -0.817104 -0.0228539 142.124 0.81742 0.575725 0.0191128 94.3554 -0.00245956 -0.0296909 0.999556 0.65674
0.574692 -0.818096 -0.0211642 142.648 0.818291 0.574086 0.0287054 95.068 -0.0113337 -0.0338152 0.999364 0.642997
0.571831 -0.820201 -0.0167428 143.048 0.82012 0.57103 0.0364419 95.7037 -0.020329 -0.0345697 0.999195 0.642895
0.567869 -0.822989 -0.0145854 143.521 0.822924 0.567261 0.0318007 96.3794 -0.017898 -0.0300613 0.999388 0.630834
0.563518 -0.826056 -0.00888566 143.974 0.826056 0.563337 0.0168232 97.0684 -0.00889126 -0.0168202 0.999819 0.633952
0.558054 -0.829778 -0.00664769 144.408 0.829798 0.558 0.00844441 97.7209 -0.00329758 -0.0102287 0.999942 0.622875
0.552325 -0.83343 -0.0182026 144.934 0.833617 0.552071 0.0173204 98.4834 -0.00438618 -0.0247405 0.999684 0.619579
0.54691 -0.837026 -0.0166281 145.335 0.837129 0.546519 0.0230779 99.1005 -0.0102292 -0.0265414 0.999595 0.61856
0.539391 -0.842013 -0.00847249 145.757 0.841948 0.539134 0.021381 99.8239 -0.0134353 -0.0186661 0.999735 0.622603
0.534161 -0.845379 0.00248131 146.241 0.845206 0.534107 0.0188679 100.532 -0.0172758 -0.00798128 0.999819 0.604103
0.530288 -0.847785 0.007418 146.695 0.847627 0.530334 0.0165669 101.229 -0.0179792 -0.00249752 0.999835 0.60484
0.52553 -0.850635 0.0154328 147.127 0.850664 0.525668 0.00658992 101.897 -0.0137182 0.00966498 0.999859 0.644356
0.518332 -0.855063 0.014128 147.603 0.855175 0.518314 -0.00516387 102.649 -0.00290732 0.0147585 0.999887 0.633611
0.513522 -0.85796 0.0141772 148.04 0.858075 0.513419 -0.0104178 103.341 0.00165924 0.0175149 0.999845 0.628408
0.507062 -0.86189 0.0057981 148.458 0.861908 0.507063 -0.00142401 104.069 -0.00171266 0.00571949 0.999982 0.631428
0.502107 -0.864766 0.00827526 148.882 0.864701 0.502172 0.0107742 104.828 -0.0134728 0.00174583 0.999908 0.622761
0.497803 -0.867164 0.0147925 149.278 0.866996 0.498006 0.0175616 105.555 -0.0225956 0.00408283 0.999736 0.627642
0.494908 -0.868696 0.0208219 149.644 0.868654 0.49522 0.0140114 106.269 -0.022483 0.0111527 0.999685 0.61116
0.49368 -0.869414 0.0199864 150.102 0.869544 0.493841 0.00376497 107.034 -0.0131434 0.0155204 0.999793 0.619145
0.491823 -0.87067 0.0067112 150.473 0.870692 0.491828 -0.00089386 107.796 -0.0025225 0.006283 0.999977 0.629287
0.490895 -0.871217 0.00181712 150.863 0.871218 0.490892 -0.00180487 108.471 0.00068042 0.00246911 0.999997 0.613616
0.488911 -0.872331 0.00219337 151.329 0.872328 0.488916 0.00244294 109.25 -0.00320342 0.000718959 0.999995 0.603802
0.488052 -0.872791 0.00637304 151.723 0.872764 0.48809 0.00719518 109.985 -0.0093905 0.00205053 0.999954 0.623692
0.487513 -0.873077 0.00820285 152.123 0.872965 0.487582 0.0139856 110.725 -0.01621 0.000342661 0.999869 0.59881
0.486283 -0.873686 0.0142156 152.531 0.873636 0.486443 0.0115565 111.513 -0.0170119 0.00679952 0.999832 0.583437
0.485079 -0.874348 0.0146226 152.884 0.874418 0.485165 0.00282439 112.175 -0.00956385 0.0114162 0.999889 0.59643
0.483546 -0.875253 0.0107496 153.322 0.875317 0.483485 -0.00784973 112.893 0.00167323 0.013205 0.999911 0.596213
0.482002 -0.876122 0.00916832 153.734 0.876151 0.481898 -0.0115482 113.645 0.00569946 0.0135991 0.999891 0.593682
0.480002 -0.877263 0.00271872 154.14 0.877262 0.479986 -0.00499399 114.395 0.0030761 0.00478215 0.999984 0.598035
0.47876 -0.877943 0.00230178 154.594 0.877928 0.478765 0.00517928 115.202 -0.00564912 -0.000458836 0.999984 0.5911
0.478072 -0.878269 0.00947715 155.026 0.878263 0.478137 0.00628025 116.024 -0.0100471 0.00532101 0.999935 0.595225
0.477438 -0.878537 0.0150242 155.38 0.878639 0.477487 -0.000367687 116.716 -0.00685085 0.0133764 0.999887 0.636074
0.477401 -0.878621 0.0106257 155.781 0.878685 0.477379 -0.00462731 117.452 -0.00100682 0.0115457 0.999933 0.630779
0.476899 -0.878937 0.00603746 156.13 0.878957 0.476896 -0.00203945 118.194 -0.0010867 0.00627929 0.99998 0.627381
0.476278 -0.879294 0.00103179 156.497 0.879288 0.476279 0.0034193 118.924 -0.00349799 -0.000721301 0.999994 0.629134
0.475557 -0.879683 0.00157603 156.918 0.879656 0.475556 0.00722249 119.693 -0.007103 -0.00204834 0.999973 0.628198
0.475403 -0.879766 0.00202099 157.304 0.879714 0.475398 0.00999113 120.461 -0.00975063 -0.00297193 0.999948 0.648993
0.474263 -0.880375 0.00387468 157.696 0.880328 0.474278 0.00909801 121.182 -0.00984733 -0.00090386 0.999951 0.663798
0.473958 -0.880539 0.00383701 158.081 0.880526 0.473972 0.00490603 121.893 -0.00613859 0.00105334 0.999981 0.667806
0.473402 -0.880845 0.00154892 158.427 0.880846 0.473403 0.000342043 122.611 -0.00103455 0.00120243 0.999999 0.666307
0.472152 -0.881511 -0.00344025 158.855 0.881514 0.472135 0.00461521 123.332 -0.0024441 -0.0052117 0.999983 0.664072
0.4704 -0.882441 -0.00460924 159.202 0.882387 0.470294 0.0147156 124.071 -0.010818 -0.0109894 0.999881 0.648078
0.468922 -0.883239 -0.000415953 159.613 0.88304 0.468806 0.02146 124.72 -0.0187593 -0.0104304 0.99977 0.666853
0.468204 -0.883521 0.0132444 160.002 0.883395 0.46837 0.0155519 125.457 -0.0199437 0.00441858 0.999791 0.66818
0.467435 -0.883805 0.0198217 160.307 0.883881 0.467648 0.00770163 126.114 -0.0160763 0.01392 0.999774 0.690725
0.468086 -0.883533 0.0162763 160.649 0.883622 0.468191 0.00315642 126.758 -0.0104092 0.0129046 0.999863 0.684654
0.469184 -0.883053 0.00915454 160.992 0.883087 0.469208 0.000558286 127.385 -0.00478838 0.00782232 0.999958 0.699521
0.470089 -0.882575 0.00879359 161.323 0.882619 0.470067 -0.00455402 128.048 -0.000114305 0.00990219 0.999951 0.682311
0.47166 -0.881763 0.00551137 161.643 0.881776 0.471629 -0.00610358 128.653 0.0027826 0.00773861 0.999966 0.667228
0.476049 -0.879384 0.00783476 161.945 0.879413 0.475996 -0.00778195 129.227 0.003114 0.0105946 0.999939 0.697377
0.481214 -0.876601 0.00183525 162.242 0.876603 0.481214 -0.000130068 129.799 -0.000769133 0.00167138 0.999998 0.706439
0.48606 -0.873911 0.00489432 162.565 0.873873 0.486085 0.00824757 130.403 -0.00958671 0.000268197 0.999954 0.735049
0.490125 -0.87162 0.00742778 162.895 0.871526 0.490182 0.0128328 131.007 -0.0148263 0.000183816 0.99989 0.739248
0.496393 -0.868068 0.00725493 163.199 0.868001 0.496445 0.0107917 131.565 -0.0129696 0.000940377 0.999915 0.722138
0.503444 -0.864018 0.00412144 163.544 0.864013 0.503457 0.00348675 132.158 -0.00508758 0.0018056 0.999985 0.712053
