0.482225 -0.875762 0.0223431 0.687687 0.876012 0.482277 -0.00335446 0.551613 -0.00783787 0.0211904 0.999745 0.786409
0.481125 -0.876328 0.0238405 0.97007 0.876613 0.481183 -0.00359672 1.0418 -0.00831974 0.0226293 0.99971 0.77509
0.478795 -0.87764 0.0224502 1.41089 0.877903 0.478816 -0.00478336 1.84395 -0.00655146 0.0219993 0.999737 0.791869
0.476762 -0.878783 0.0209929 1.85747 0.879023 0.476741 -0.00629739 2.66636 -0.00447415 0.0214555 0.999761 0.800948
0.475085 -0.879756 0.0180955 2.29827 0.87994 0.475039 -0.00700189 3.51246 -0.00243612 0.0192493 0.999813 0.80522
0.473511 -0.880645 0.0159829 2.73323 0.880791 0.473462 -0.00693339 4.35209 -0.00146147 0.0173605 0.99985 0.801343
0.472249 -0.881334 0.015385 3.17242 0.881469 0.472216 -0.00588369 5.19425 -0.0020796 0.0163398 0.999867 0.796166
0.47115 -0.881915 0.0158463 3.61057 0.882055 0.471135 -0.00485277 6.0378 -0.00318607 0.0162635 0.999866 0.796834
0.470305 -0.882355 0.0165128 4.04098 0.882503 0.470307 -0.00390596 6.88089 -0.00431973 0.0164093 0.99986 0.802696
0.469502 -0.88277 0.0172155 4.47251 0.882932 0.469506 -0.00389488 7.71213 -0.00464463 0.0170285 0.999849 0.805038
0.468614 -0.883228 0.0179767 4.9026 0.883408 0.468604 -0.00481821 8.53865 -0.0041685 0.0181383 0.999832 0.807978
0.467892 -0.883593 0.0188714 5.34016 0.883793 0.467878 -0.00527072 9.37034 -0.0041725 0.0191442 0.999815 0.810443
0.467357 -0.883866 0.0194188 5.78297 0.884071 0.467371 -0.00391148 10.195 -0.00561872 0.0189952 0.999812 0.81503
0.467155 -0.883945 0.0207157 6.22894 0.884159 0.467221 -0.00156981 11.019 -0.00829141 0.0190488 0.999793 0.814098
0.467681 -0.883614 0.022916 6.68301 0.883848 0.467817 0.000895025 11.8414 -0.0115116 0.019835 0.999747 0.806456
0.468778 -0.882964 0.0254637 7.13233 0.883225 0.468988 0.00286016 12.6544 -0.0144678 0.0211487 0.999683 0.793243
0.470594 -0.88194 0.0274125 7.57282 0.882249 0.470828 0.00265203 13.4704 -0.0152457 0.0229358 0.999633 0.773966
0.472387 -0.880968 0.0278674 8.00488 0.881316 0.472582 0.000703952 14.2906 -0.01379 0.0242266 0.999625 0.763139
0.474038 -0.880142 0.0259288 8.43085 0.880482 0.474134 -0.00240054 15.1242 -0.0101812 0.0239669 0.999676 0.76865
0.475499 -0.879426 0.023442 8.86603 0.879725 0.475529 -0.00431808 15.9727 -0.00735017 0.0226748 0.999732 0.766514
0.476314 -0.879061 0.0204619 9.31761 0.879289 0.47635 -0.00300323 16.8431 -0.00710726 0.0194215 0.999804 0.771554
0.476588 -0.878899 0.0210893 9.78121 0.879125 0.476667 -0.000999155 17.7205 -0.00917468 0.0190153 0.999796 0.769462
0.476079 -0.879009 0.0271965 10.2567 0.879373 0.476214 -0.00128759 18.6016 -0.0118199 0.0245275 0.999649 0.762333
0.475049 -0.879348 0.033574 10.7266 0.879913 0.475213 -0.00308667 19.4806 -0.0132409 0.0310068 0.999453 0.756919
0.473419 -0.880026 0.0385002 11.2006 0.88081 0.473513 -0.00693933 20.3529 -0.0121238 0.0371945 0.999258 0.755348
0.471467 -0.881 0.0402046 11.6685 0.881886 0.471456 -0.0100457 21.2241 -0.0101047 0.0401898 0.999165 0.747367
0.469558 -0.882075 0.0389919 12.14 0.882923 0.469493 -0.0110479 22.0991 -0.00856174 0.039612 0.999204 0.735409
0.467938 -0.88305 0.0363615 12.6145 0.883788 0.467898 -0.00977071 22.9823 -0.00838582 0.0367055 0.999318 0.725367
0.466732 -0.883852 0.032216 13.0894 0.884421 0.466762 -0.006617 23.8729 -0.00918917 0.0315787 0.999488 0.735893
0.465777 -0.884414 0.0306426 13.5616 0.884907 0.46588 -0.00365118 24.7667 -0.011047 0.0288143 0.999554 0.73761
0.465206 -0.884705 0.0310099 14.0362 0.885171 0.465399 -0.000548783 25.6591 -0.0139469 0.0277021 0.999551 0.736366
0.4649 -0.884844 0.0317169 14.5022 0.885278 0.465195 0.00278196 26.5581 -0.0172166 0.0267827 0.999527 0.74065
0.464859 -0.884845 0.0323654 14.9679 0.88525 0.465233 0.00536354 27.4596 -0.0198038 0.0261559 0.999498 0.73421
0.464959 -0.8848 0.0322475 15.4312 0.885172 0.465369 0.00686431 28.3605 -0.021081 0.0253506 0.999494 0.73058
0.465536 -0.884539 0.0311744 15.8974 0.884893 0.465911 0.00641846 29.2507 -0.0202023 0.0245957 0.999533 0.708117
0.465737 -0.884517 0.0287879 16.357 0.884832 0.466046 0.00559258 30.1458 -0.0183636 0.0228655 0.999612 0.695189
0.465098 -0.884896 0.0275647 16.8004 0.885204 0.465358 0.00441759 31.0415 -0.0167369 0.0223434 0.999655 0.690185
0.464317 -0.885299 0.0278808 17.2532 0.885634 0.464557 0.0033536 31.9328 -0.0159215 0.0231326 0.999653 0.68844
0.46366 -0.885595 0.0294457 17.725 0.885991 0.463889 0.00194863 32.8143 -0.0153855 0.0251824 0.999614 0.697083
0.463003 -0.885956 0.0290161 18.1843 0.886369 0.46318 0.000138495 33.7005 -0.0135626 0.0256519 0.999631 0.703237
0.462406 -0.88632 0.0274795 18.6316 0.886719 0.462513 -0.0018007 34.5795 -0.0111139 0.0251963 0.999675 0.697849
0.461967 -0.886588 0.0262999 19.0791 0.886969 0.462037 -0.00274734 35.4532 -0.00971603 0.0245934 0.999706 0.686134
0.46201 -0.886542 0.0271848 19.5264 0.886916 0.462153 -0.000138719 36.3216 -0.0124408 0.0241718 0.999689 0.677759
0.461895 -0.886558 0.0286594 19.9663 0.886936 0.462117 0.00228652 37.1816 -0.0152713 0.0243599 0.999647 0.672885
0.461752 -0.886566 0.0307118 20.4099 0.886982 0.46203 0.00322894 38.0337 -0.0170526 0.0257466 0.999586 0.669073
0.461615 -0.886585 0.0322803 20.8636 0.887048 0.461912 0.00294156 38.8782 -0.0175187 0.0272728 0.999539 0.674112
0.461398 -0.886666 0.0331987 21.3205 0.887173 0.461683 0.00198425 39.7343 -0.0170867 0.0285337 0.999513 0.676907
0.460741 -0.886957 0.0345946 21.7704 0.887514 0.461036 0.0015351 40.6015 -0.017311 0.029992 0.999469 0.683519
0.459712 -0.887371 0.0376097 22.2214 0.888006 0.46009 0.00246496 41.4765 -0.0194912 0.0322602 0.99936 0.684611
0.458558 -0.887851 0.0403481 22.6706 0.88853 0.459065 0.00468901 42.3425 -0.0226855 0.0336958 0.999247 0.673341
0.457499 -0.888329 0.0418704 23.1119 0.889031 0.458086 0.00602376 43.2065 -0.0245312 0.0344636 0.999179 0.646232
0.456603 -0.88886 0.0404335 23.5227 0.889598 0.457025 0.00226932 44.0268 -0.0204961 0.0349286 0.999256 0.645747
0.455841 -0.889348 0.0383049 23.9251 0.890104 0.456043 -0.00289076 44.836 -0.0148977 0.0354081 0.99934 0.645213
0.454861 -0.890031 0.0338897 24.3232 0.890672 0.454917 -0.00547302 45.642 -0.0105458 0.0326694 0.999491 0.639234
0.453902 -0.890689 0.029196 24.7276 0.891183 0.453929 -0.00487497 46.4529 -0.00891075 0.0282277 0.999644 0.624511
0.452973 -0.891252 0.0263631 25.1292 0.891637 0.453068 -0.00113613 47.2502 -0.0109316 0.0240176 0.999736 0.63587
0.451985 -0.891786 0.0253562 25.5282 0.892111 0.452138 0.00200639 48.0452 -0.0132536 0.0217107 0.999762 0.641278
0.450668 -0.89248 0.0244582 25.9205 0.892749 0.450864 0.00479635 48.8347 -0.0153078 0.0196707 0.999777 0.637309
0.449287 -0.893177 0.024529 26.3091 0.893427 0.449509 0.00617904 49.605 -0.0165447 0.019136 0.99977 0.629265
0.447972 -0.893845 0.0243117 26.6782 0.894075 0.44821 0.00729555 50.356 -0.0174176 0.0184657 0.99977 0.618781
0.446812 -0.894441 0.0238471 27.0416 0.894651 0.447054 0.00810329 51.0981 -0.0179086 0.0177117 0.999777 0.60969
0.445619 -0.895057 0.0231617 27.4003 0.895232 0.445871 0.00944481 51.8358 -0.0187804 0.016524 0.999784 0.604204
0.444613 -0.895575 0.0225754 27.7558 0.895697 0.444889 0.0118079 52.5575 -0.020618 0.0149687 0.999775 0.595174
0.443624 -0.896047 0.0234578 28.106 0.89614 0.443947 0.0138131 53.2735 -0.0227907 0.0148916 0.999732 0.58999
0.442426 -0.896637 0.0236578 28.4426 0.896711 0.442768 0.0148717 53.9735 -0.0238089 0.0146326 0.999715 0.586648
0.440931 -0.897452 0.0206104 28.7529 0.897577 0.441145 0.0104873 54.6321 -0.0185035 0.0138733 0.999841 0.604054
0.439627 -0.898192 0.0158482 29.0556 0.898325 0.439711 0.00622822 55.2849 -0.0125623 0.0114973 0.999967 0.620496
0.438887 -0.898624 0.011512 29.3583 0.898749 0.438889 0.0027588 55.9225 -0.00753121 0.00913462 1.00004 0.626065
0.438889 -0.898659 0.00867493 29.6601 0.898747 0.438884 0.00505675 56.5371 -0.00835111 0.005577 1.00007 0.61715
0.438297 -0.89896 0.00792221 29.9533 0.899022 0.438295 0.00756208 57.1508 -0.0102697 0.00380804 1.00006 0.607994
0.437408 -0.899385 0.00917103 30.2461 0.899445 0.437422 0.00841604 57.7551 -0.0115803 0.00456771 1.00005 0.617251
0.437216 -0.899445 0.0123215 30.5337 0.899574 0.437231 0.00407932 58.325 -0.00905606 0.00929958 1.00004 0.634297
0.437507 -0.899268 0.0149979 30.8174 0.89947 0.437473 -0.00155659 58.8805 -0.00516116 0.014169 1.00002 0.651204
0.439969 -0.898074 0.0148186 31.0677 0.898288 0.439877 -0.00528465 59.3974 -0.00177223 0.0156337 1.00001 0.652203
0.443331 -0.896443 0.0135882 31.3134 0.896641 0.443217 -0.00650911 59.9085 -0.000187454 0.0150668 1.00002 0.646451
0.447561 -0.894359 0.012531 31.5562 0.894543 0.447469 -0.00465748 60.4167 -0.00144175 0.0132919 1.00005 0.637079
0.453175 -0.891511 0.0140163 31.8072 0.891692 0.453156 0.000739103 60.9169 -0.00701037 0.0121615 1.00005 0.649315
0.459274 -0.888319 0.0179094 32.0622 0.888506 0.45935 0.00529519 61.3993 -0.0129303 0.0134786 0.999974 0.653906
0.46795 -0.883735 0.0202864 32.3203 0.883927 0.468084 0.00716574 61.8545 -0.0158281 0.0145762 0.999921 0.67215
0.481234 -0.876625 0.0181774 32.5724 0.876782 0.481337 0.0074466 62.281 -0.015277 0.0123523 0.999963 0.682866
0.496431 -0.868197 0.0138303 32.8192 0.86827 0.496488 0.0101035 62.7023 -0.0156379 0.00699259 1.00001 0.684402
0.51449 -0.857656 0.0118885 33.0764 0.857687 0.51452 0.0119644 63.1044 -0.0163776 0.00404177 1.00002 0.674243
0.537157 -0.843607 0.0148699 33.3195 0.843662 0.537228 0.0112495 63.4903 -0.0174781 0.00650242 0.999992 0.67238
0.561877 -0.827291 0.0183058 33.5655 0.827368 0.562003 0.0111483 63.8619 -0.0195102 0.00888096 0.99994 0.670957
0.58823 -0.808713 0.0209767 33.8425 0.808795 0.588409 0.0117097 64.2112 -0.021812 0.0100767 0.999884 0.671792
0.617305 -0.786716 0.0224424 34.1258 0.786776 0.617522 0.0127961 64.5409 -0.0239248 0.00975708 0.999843 0.672932
0.650341 -0.759657 0.0222211 34.3782 0.759665 0.650555 0.0141777 64.8765 -0.0252253 0.00765998 0.999833 0.667219
0.684622 -0.728907 0.0230218 34.6353 0.728895 0.684847 0.0144679 65.2029 -0.0263111 0.00687542 0.999815 0.653924
0.719669 -0.694356 0.022772 34.8875 0.694318 0.719875 0.0145656 65.5022 -0.0265054 0.00532906 0.999823 0.651676
0.757008 -0.65353 0.0209901 35.2095 0.653474 0.757151 0.0141402 65.7578 -0.0251323 0.00301354 0.999873 0.667638
0.793864 -0.608301 0.0196953 35.5474 0.608236 0.793957 0.0135261 65.9688 -0.0238637 0.00124344 0.999912 0.660035
0.829023 -0.559496 0.0188463 35.8846 0.559423 0.829081 0.0130193 66.1692 -0.0229078 -0.00024776 0.999939 0.648479
0.862764 -0.505976 0.0181987 36.206 0.505894 0.86279 0.0125598 66.3322 -0.0220549 -0.00162659 0.999962 0.630231
0.893726 -0.449074 0.0179278 36.5592 0.449001 0.893734 0.0112819 66.4657 -0.0210874 -0.00203023 0.999986 0.61588
0.921144 -0.389796 0.0178851 36.9372 0.389729 0.921139 0.010074 66.5799 -0.0203998 -0.00230612 1 0.614398
0.944606 -0.328875 0.0188894 37.3199 0.328799 0.944611 0.00949309 66.6805 -0.0209634 -0.00275304 0.999995 0.616549
0.963733 -0.267539 0.0215311 37.6899 0.267403 0.963779 0.0108047 66.7803 -0.02364 -0.00465127 0.999933 0.620677
0.978736 -0.205819 0.0236734 38.0779 0.205622 0.978814 0.0117757 66.8453 -0.0255934 -0.00665254 0.999878 0.616773
0.989518 -0.145353 0.024398 38.4692 0.145163 0.989608 0.0103462 66.8615 -0.025646 -0.00669106 0.99988 0.591891
0.996455 -0.0858598 0.0243786 38.8521 0.0857218 0.99655 0.00733929 66.8599 -0.0249223 -0.00521913 0.999911 0.577042
0.999717 -0.0304898 0.0232927 39.2356 0.0303832 0.999788 0.00534546 66.8602 -0.0234484 -0.00463215 0.999954 0.605288
0.999926 0.0241916 0.0220684 39.6253 -0.024352 0.99995 0.00718469 66.8318 -0.0218911 -0.00771618 0.999975 0.627643
0.997231 0.0776165 0.0210563 40.0132 -0.0778334 0.997203 0.00952461 66.8017 -0.0202557 -0.0111302 0.999981 0.630751
0.992431 0.124958 0.020453 40.3676 -0.125117 0.992416 0.00624402 66.7566 -0.0195151 -0.00874991 1.00002 0.556399
0.986074 0.167899 0.0208167 40.7357 -0.167812 0.986105 -0.00648448 66.6825 -0.0216133 0.00290153 1.00002 0.530551
0.978326 0.208415 0.0204523 41.0792 -0.208145 0.9783 -0.015294 66.6174 -0.0231925 0.0107024 0.999936 0.540343
0.970067 0.244055 0.0199083 41.4103 -0.243826 0.970053 -0.0141156 66.5928 -0.0227536 0.00883641 0.99997 0.58549
0.961423 0.276245 0.0189072 41.7889 -0.276235 0.961433 -0.00435062 66.5567 -0.0193768 -0.00103829 1.00008 0.617854
0.952735 0.30492 0.0182635 42.1727 -0.305071 0.952688 0.00448742 66.4609 -0.0160285 -0.00984132 1.0001 0.597744
0.944299 0.330189 0.0174508 42.5555 -0.330375 0.944209 0.00718068 66.3368 -0.0141037 -0.0125391 1.00011 0.569196
0.93621 0.352617 0.0147299 42.9629 -0.352731 0.936122 0.00370775 66.1967 -0.012479 -0.00866163 1.00017 0.551847
0.928686 0.372233 0.00685239 43.3639 -0.372257 0.928551 -0.00178126 66.0243 -0.0070237 -0.000894698 1.00027 0.571191
0.921117 0.390668 -0.00101889 43.752 -0.390696 0.92095 -0.00454958 65.8324 -0.000837591 0.00458825 1.00029 0.558158
0.914067 0.406898 -0.00341124 44.1564 -0.406936 0.91391 -0.00316673 65.6572 0.00182996 0.00428224 1.0003 0.541289
0.907457 0.421467 0.00106146 44.604 -0.421494 0.907308 -0.000809186 65.4751 -0.00130294 0.000287858 1.00031 0.536709
0.900853 0.435382 0.00604277 45.0528 -0.435422 0.900721 0.000766003 65.2773 -0.00510772 -0.00331892 1.0003 0.535843
0.894854 0.44756 0.00862077 45.4891 -0.447604 0.894744 3.53086e-05 65.0729 -0.0076955 -0.00388795 1.00029 0.545763
0.889082 0.458921 0.00951749 45.9319 -0.458948 0.888991 -0.00222884 64.8482 -0.00948131 -0.00238497 1.00028 0.555628
0.884058 0.468595 0.0066685 46.3971 -0.468583 0.883944 -0.00643057 64.6021 -0.00890524 0.00255927 1.00029 0.551655
0.879894 0.476414 0.00457837 46.8703 -0.476395 0.87976 -0.00803241 64.3547 -0.00785201 0.0048843 1.0003 0.548429
0.876623 0.482433 0.0037785 47.359 -0.482415 0.876486 -0.00824289 64.0964 -0.0072859 0.00540037 1.00031 0.537922
0.873958 0.48727 0.00302058 47.8424 -0.487254 0.873818 -0.00845302 63.828 -0.00675586 0.00591257 1.00031 0.536371
0.871397 0.491857 0.00272523 48.317 -0.491843 0.871262 -0.00803087 63.555 -0.00632203 0.00565432 1.00032 0.536541
0.869086 0.495952 0.00232978 48.804 -0.495937 0.868951 -0.00819948 63.2653 -0.00608864 0.00596684 1.00033 0.534257
0.86733 0.499038 0.00173738 49.3259 -0.499019 0.867189 -0.0093041 62.9584 -0.00614727 0.00719807 1.00032 0.529909
0.865763 0.50177 0.00217797 49.8698 -0.501747 0.865631 -0.00904256 62.624 -0.00642006 0.00673117 1.00033 0.530223
0.864563 0.503859 0.0017506 50.4366 -0.503827 0.86442 -0.0105381 62.278 -0.00682022 0.00822306 1.00032 0.52307
0.863882 0.505048 0.000902635 51.0281 -0.505006 0.863716 -0.0127584 61.9176 -0.00722024 0.0105587 1.0003 0.518323
0.863757 0.505283 0.000509258 51.6297 -0.505234 0.863578 -0.01403 61.562 -0.00752572 0.011853 1.00029 0.516912
0.864986 0.503196 -0.000903453 52.2701 -0.503143 0.864764 -0.0167304 61.1959 -0.00763401 0.0149161 1.00026 0.515599
0.866697 0.500259 -0.00253667 52.9236 -0.500211 0.866423 -0.0193824 60.8356 -0.00749484 0.0180555 1.00021 0.508195
0.868897 0.496448 -0.00274826 53.5898 -0.496396 0.868608 -0.0202575 60.4565 -0.00766596 0.0189529 1.0002 0.501764
0.87134 0.492172 -0.00206765 54.2562 -0.492104 0.871056 -0.0204726 60.0776 -0.00827106 0.0188426 1.0002 0.493106
0.873828 0.487764 -0.00132176 54.9283 -0.487675 0.873541 -0.021131 59.692 -0.00914805 0.0190954 1.00019 0.484975
0.876138 0.483625 -0.000553003 55.6184 -0.483508 0.875838 -0.0223418 59.3113 -0.0103159 0.0198269 1.00017 0.462135
0.87818 0.479926 0.00180224 56.3168 -0.47978 0.877936 -0.0208517 58.9477 -0.0115843 0.0174325 1.00021 0.44495
0.880179 0.476259 0.00390842 57.0257 -0.476097 0.879989 -0.0192271 58.5766 -0.0125908 0.0150487 1.00024 0.44644
0.88203 0.472836 0.0045881 57.7447 -0.472698 0.88189 -0.016458 58.2054 -0.0118228 0.0123349 1.00029 0.459987
0.883407 0.47029 0.00359089 58.4618 -0.470208 0.883308 -0.0117321 57.8269 -0.00868532 0.00866455 1.00037 0.484519
0.884219 0.468791 0.0018925 59.1745 -0.468753 0.884148 -0.00665509 57.4444 -0.00479074 0.0049879 1.00042 0.487163
0.884581 0.468132 0.000922306 59.9001 -0.46811 0.884524 -0.00213627 57.0505 -0.0018149 0.00145005 1.00045 0.474287
0.884706 0.467917 0.000738402 60.6396 -0.467896 0.884653 0.000131504 56.6578 -0.000591402 -0.000468937 1.00046 0.475708
0.884567 0.468197 0.00144018 61.3838 -0.468175 0.884518 0.000141782 56.2632 -0.00120703 -0.000806786 1.00046 0.480761
0.88442 0.468475 0.00473131 62.1337 -0.468462 0.884378 0.00153283 55.8878 -0.00346494 -0.00357808 1.00045 0.496553
0.884134 0.469003 0.0072547 62.8764 -0.469001 0.884104 0.00222637 55.5197 -0.00536777 -0.00537615 1.00044 0.503764
0.883932 0.469378 0.00876721 63.612 -0.469383 0.883915 0.00212761 55.148 -0.00674826 -0.00600094 1.00044 0.503441
0.883594 0.47002 0.00951357 64.3457 -0.470036 0.883578 0.00339979 54.7851 -0.00680548 -0.00748017 1.00043 0.509801
0.882989 0.471173 0.00973833 65.0713 -0.471198 0.882966 0.00480675 54.409 -0.00633156 -0.00883674 1.00043 0.510497
0.881967 0.4731 0.00993521 65.7895 -0.473132 0.881938 0.00595613 54.0316 -0.00594238 -0.00995696 1.00042 0.513857
0.879763 0.477148 0.0124855 66.5057 -0.477218 0.879734 0.0077196 53.6348 -0.00729798 -0.0127516 1.00039 0.525812
0.877052 0.482058 0.015148 67.232 -0.482172 0.877032 0.0087873 53.2193 -0.00904599 -0.0150116 1.00035 0.532794
0.873725 0.488031 0.0167641 67.9668 -0.488171 0.873719 0.0090137 52.8033 -0.0102442 -0.0160594 1.00032 0.545386
0.869334 0.49584 0.0165103 68.7337 -0.495979 0.869318 0.00962115 52.383 -0.0095785 -0.0165525 1.00033 0.558294
0.863905 0.5053 0.0153326 69.4783 -0.505412 0.86389 0.00894678 51.9541 -0.00872149 -0.0154786 1.00036 0.559311
0.858279 0.514836 0.0148009 70.1997 -0.514929 0.858275 0.00797464 51.5319 -0.00859425 -0.0144664 1.00038 0.553269
0.852413 0.524496 0.0153838 70.9065 -0.524596 0.852415 0.0079809 51.1247 -0.00892384 -0.0148735 1.00038 0.549609
0.846304 0.534294 0.0161591 71.5946 -0.534403 0.846317 0.00787772 50.7169 -0.00946276 -0.0153024 1.00037 0.551505
0.839975 0.544198 0.0165889 72.277 -0.544309 0.839997 0.00761386 50.3078 -0.00978702 -0.0154248 1.00037 0.564974
0.833622 0.553897 0.0167735 72.9444 -0.554009 0.833647 0.00756585 49.8913 -0.00978824 -0.0155994 1.00037 0.57263
0.827455 0.563093 0.0165647 73.5844 -0.563205 0.827472 0.00800437 49.4632 -0.00919567 -0.0159519 1.00038 0.571039
0.82137 0.57196 0.0163142 74.2164 -0.572074 0.821373 0.00883443 49.0161 -0.00834363 -0.0165881 1.00038 0.572763
0.815692 0.580089 0.014837 74.8187 -0.580171 0.815695 0.00815521 48.5759 -0.00736873 -0.0152595 1.00042 0.569505
0.810175 0.587807 0.0140895 75.4081 -0.587876 0.810173 0.00829118 48.1341 -0.00653884 -0.0149996 1.00043 0.571425
0.804683 0.595335 0.0135621 75.9863 -0.595393 0.804682 0.00812007 47.6936 -0.00607675 -0.0146084 1.00045 0.577536
0.799283 0.602576 0.0138913 76.5751 -0.602636 0.799288 0.00802873 47.2398 -0.00626285 -0.014788 1.00045 0.586496
0.794366 0.609061 0.0139281 77.1823 -0.609102 0.794407 0.00560006 46.7732 -0.00765044 -0.0129325 1.00047 0.591059
0.789807 0.614983 0.0137709 77.7917 -0.614996 0.789882 0.00274569 46.3068 -0.00918439 -0.0106393 1.0005 0.599339
0.786272 0.619488 0.0148636 78.3883 -0.61949 0.786382 0.000718744 45.8528 -0.0112373 -0.00977516 1.00049 0.601458
0.78488 0.621266 0.0149666 78.9742 -0.621219 0.785027 -0.00310248 45.4124 -0.0136688 -0.00686629 1.00049 0.604106
0.783805 0.622631 0.015267 79.5414 -0.62255 0.783974 -0.00547365 44.9779 -0.0153678 -0.00521908 1.00048 0.610001
0.783887 0.622548 0.0151721 80.0619 -0.622471 0.784056 -0.00500996 44.555 -0.0150057 -0.00552174 1.00049 0.599684
0.784584 0.621714 0.0139813 80.5683 -0.621632 0.784739 -0.00484455 44.138 -0.0139751 -0.00489546 1.00052 0.595711
0.78593 0.620068 0.0120731 81.0681 -0.619968 0.786066 -0.00549633 43.73 -0.0128905 -0.00317138 1.00055 0.602463
0.789271 0.615836 0.0116049 81.5828 -0.61575 0.789401 -0.00407725 43.3426 -0.0116647 -0.00393351 1.00057 0.610552
0.793656 0.61021 0.0106789 82.09 -0.610128 0.793776 -0.00314985 42.9704 -0.0103925 -0.00402152 1.00059 0.613777
0.798889 0.603366 0.0103167 82.5791 -0.60329 0.799006 -0.00224295 42.6053 -0.00959074 -0.00443783 1.0006 0.616713
0.807005 0.592482 0.0104525 83.0573 -0.592408 0.807127 -0.00183575 42.2712 -0.00951846 -0.00471639 1.00061 0.613613
0.81625 0.579693 0.0106278 83.5303 -0.579634 0.81637 -0.000225322 41.9628 -0.00880169 -0.00598137 1.00062 0.610592
0.826641 0.564814 0.00954851 84.0021 -0.564758 0.826748 0.00130639 41.652 -0.00715252 -0.00647733 1.00064 0.614065
0.841447 0.542569 0.00673096 84.4809 -0.542507 0.841529 0.00383991 41.3789 -0.00357997 -0.00688722 1.00066 0.621887
0.856421 0.518653 0.00426819 84.9692 -0.51858 0.856492 0.00559055 41.1168 -0.00075759 -0.00700572 1.00068 0.631216
0.872697 0.490786 0.00474424 85.4569 -0.490718 0.872772 0.00594956 40.8921 -0.00122189 -0.00752447 1.00068 0.637247
0.889707 0.459241 0.0053611 85.9719 -0.459178 0.889796 0.00514667 40.6685 -0.00240703 -0.00704532 1.0007 0.630925
0.908599 0.42062 0.00717509 86.4823 -0.420565 0.908714 0.00343937 40.4548 -0.0050715 -0.00614786 1.0007 0.621676
0.926709 0.378999 0.0104853 86.9927 -0.378964 0.926858 0.00300007 40.271 -0.00857639 -0.00675881 1.00068 0.619021
0.943797 0.33405 0.0145243 87.5033 -0.334056 0.943992 0.00390892 40.1544 -0.0123968 -0.00854531 1.00064 0.601428
0.959572 0.285422 0.0179634 88.0021 -0.285499 0.959801 0.00651971 40.0654 -0.0153695 -0.0113872 1.00058 0.594137
0.973357 0.233988 0.0201672 88.5003 -0.234125 0.973613 0.00858611 40.0064 -0.0176129 -0.0130805 1.00054 0.583621
0.985789 0.174526 0.0188566 88.9931 -0.174604 0.986066 0.00618804 39.9907 -0.0175007 -0.00939626 1.00059 0.624734
0.995016 0.110938 0.0156802 89.4958 -0.11097 0.995264 0.00504845 40.0029 -0.0150348 -0.00676861 1.00066 0.649592
1.00031 0.0433187 0.01104 89.9774 -0.0433071 1.00052 0.00344275 40.0125 -0.0108894 -0.0039289 1.00074 0.653197
1.00096 -0.0262058 0.00569325 90.4549 0.0262376 1.00114 0.00228792 40.0461 -0.00575732 -0.00214866 1.0008 0.648912
0.996715 -0.0960696 0.000844053 90.9241 0.0961043 0.996876 0.0019718 40.1173 -0.00103326 -0.0018921 1.00083 0.633985
0.98755 -0.165648 -0.00183311 91.3678 0.165679 0.987715 0.00169783 40.2175 0.00152418 -0.00198812 1.00084 0.620062
0.973514 -0.234496 -0.00266899 91.8098 0.234518 0.973686 0.000574457 40.3491 0.00245774 -0.0011934 1.00085 0.606616
0.954901 -0.301531 -0.000916047 92.2509 0.301543 0.955072 0.000163583 40.5124 0.000820707 -0.000441316 1.00086 0.615967
0.931899 -0.366539 0.00241381 92.6874 0.366543 0.932073 0.000328804 40.7115 -0.0023721 0.000568522 1.00087 0.627153
0.904924 -0.428816 0.00772625 93.123 0.428811 0.905126 0.00185049 40.9338 -0.00778294 0.00162755 1.00086 0.633578
0.876088 -0.484873 0.0154306 93.5405 0.484818 0.876392 0.00670127 41.1943 -0.0167593 0.00159847 1.00076 0.620141
0.84557 -0.536197 0.0203742 93.9414 0.536039 0.845983 0.0122294 41.4722 -0.023773 0.000569176 1.00063 0.611353
0.817209 -0.578498 0.0215182 94.2883 0.578246 0.817657 0.0162687 41.7275 -0.0269817 -0.000862605 1.00056 0.631674
0.790139 -0.615032 0.0202227 94.6308 0.614646 0.790547 0.0214493 42.0049 -0.0291525 -0.00452584 1.0005 0.626687
0.766001 -0.644986 0.0164124 94.9828 0.644557 0.766297 0.0239284 42.313 -0.0279849 -0.00775535 1.00053 0.608735
0.744971 -0.669287 0.0121295 95.3089 0.6689 0.745165 0.0237713 42.6492 -0.0249261 -0.00959839 1.0006 0.556144
0.725649 -0.690246 0.010297 95.6399 0.68992 0.725823 0.0218747 42.9539 -0.0225528 -0.0087724 1.00068 0.518723
0.715504 -0.700714 0.0142746 96.0147 0.700421 0.715787 0.0194277 43.224 -0.0238088 -0.0039095 1.0007 0.531168
0.706484 -0.709774 0.0169273 96.3877 0.709495 0.706835 0.0187363 43.5288 -0.0252393 -0.00123654 1.00068 0.553129
0.699491 -0.716733 0.0150008 96.7476 0.716409 0.699789 0.0208162 43.9118 -0.0253927 -0.00382115 1.00068 0.553935
0.694547 -0.721632 0.0102597 97.1019 0.721241 0.694697 0.0248449 44.3043 -0.0250326 -0.00985771 1.00066 0.551534
0.691405 -0.724727 0.00399577 97.4496 0.724341 0.691361 0.0281523 44.7006 -0.023144 -0.0165653 1.00064 0.541411
0.692646 -0.723574 -0.000651198 97.8032 0.723304 0.692528 0.0266901 45.0992 -0.018845 -0.0189497 1.0007 0.528889
0.694975 -0.721355 -0.00231398 98.1714 0.721187 0.694899 0.0226615 45.5121 -0.0147273 -0.0174106 1.00081 0.515008
0.698425 -0.718034 -0.00293469 98.5503 0.717962 0.698445 0.0158045 45.9186 -0.00929277 -0.0131412 1.00095 0.497155
0.701693 -0.71485 -0.00528409 98.9529 0.714839 0.701745 0.0117194 46.3266 -0.00466929 -0.011997 1.00101 0.494417
0.705 -0.711574 -0.00906285 99.3645 0.711615 0.70503 0.0122097 46.739 -0.00230149 -0.0150499 1.00099 0.505478
0.708991 -0.707578 -0.0118169 99.782 0.707642 0.708856 0.0203465 47.1857 -0.00601952 -0.0227726 1.00084 0.512185
0.712861 -0.703664 -0.013906 100.22 0.703723 0.712495 0.0284165 47.6414 -0.0100827 -0.0300202 1.00063 0.486056
0.716113 -0.70044 -0.0103317 100.664 0.700322 0.715624 0.0339034 48.0773 -0.016341 -0.0314897 1.00052 0.447623
0.71821 -0.698382 -0.00350782 101.14 0.698064 0.717838 0.0341994 48.5311 -0.0213467 -0.0269911 1.00057 0.41641
0.720086 -0.696471 0.00376037 101.628 0.696055 0.719946 0.0312537 48.988 -0.0244502 -0.0198754 1.00068 0.402689
0.720817 -0.695702 0.00813394 102.103 0.695393 0.720892 0.0239347 49.4716 -0.0224922 -0.0115922 1.00087 0.412809
0.721083 -0.695456 0.00767244 102.583 0.695311 0.721218 0.0159047 49.9572 -0.0165784 -0.00613507 1.00105 0.420095
0.720957 -0.695644 0.00400036 103.06 0.695603 0.721074 0.00964269 50.4478 -0.00958499 -0.00417191 1.00116 0.425638
0.720297 -0.696364 -0.00086367 103.532 0.696371 0.720395 0.00622356 50.9486 -0.00371195 -0.00508511 1.00121 0.436998
0.71796 -0.698775 -0.00578288 104.06 0.698787 0.717939 0.0153606 51.4774 -0.00657942 -0.0150586 1.00111 0.417818
0.716078 -0.700727 -0.00601935 104.61 0.700671 0.71591 0.023353 51.9866 -0.0120457 -0.0209225 1.00097 0.395589
0.714264 -0.702624 -0.00245143 105.148 0.702406 0.714025 0.0290029 52.4894 -0.0186099 -0.0224182 1.00085 0.377703
0.712408 -0.704534 0.00056676 105.671 0.704185 0.712159 0.032194 52.9932 -0.0230614 -0.0225165 1.00077 0.374232
0.710993 -0.705984 -0.00168263 106.197 0.705776 0.710789 0.0278908 53.5299 -0.0184763 -0.0209991 1.00091 0.397665
0.709007 -0.707971 -0.00705174 106.721 0.707913 0.708756 0.0260194 54.0906 -0.0134117 -0.0234172 1.00095 0.403731
0.706278 -0.71065 -0.0120266 107.262 0.71074 0.706026 0.0237833 54.6697 -0.00840622 -0.0253192 1.00097 0.393902
0.703267 -0.713592 -0.0152297 107.824 0.713776 0.703024 0.0224561 55.255 -0.00531771 -0.0266344 1.00097 0.365592
0.700143 -0.716722 -0.0132898 108.429 0.716841 0.699854 0.0245313 55.8504 -0.0082773 -0.0266729 1.00096 0.331804
0.698119 -0.718771 -0.00998071 109.026 0.718783 0.697803 0.0267596 56.4454 -0.0122599 -0.025827 1.00096 0.320301
0.696995 -0.719912 -0.00785496 109.597 0.71984 0.696648 0.029 57.017 -0.0153913 -0.0258386 1.00093 0.315785
0.696957 -0.719998 -0.00510406 110.175 0.719868 0.696659 0.0286636 57.5997 -0.0170652 -0.0236255 1.00097 0.320429
0.696971 -0.720022 -0.00269497 110.752 0.71985 0.696724 0.0281623 58.189 -0.0183808 -0.0215446 1.001 0.311903
0.696989 -0.720032 -0.002142 111.312 0.719874 0.696775 0.0269312 58.7789 -0.0178802 -0.0202903 1.00105 0.321393
0.697378 -0.719673 -0.00403192 111.87 0.719561 0.697131 0.0267247 59.3824 -0.0164057 -0.0215135 1.00106 0.327926
0.697882 -0.719168 -0.00869208 112.434 0.719146 0.697524 0.0282926 59.999 -0.0142709 -0.0259637 1.001 0.32483
0.699807 -0.717199 -0.0157728 113.022 0.717326 0.699191 0.0335062 60.6355 -0.0129918 -0.0347165 1.00077 0.301891
0.70183 -0.715159 -0.0193303 113.621 0.715362 0.700984 0.0382454 61.2627 -0.0137899 -0.0406149 1.00055 0.290448
0.70403 -0.712968 -0.0210967 114.234 0.713217 0.703049 0.0407801 61.8903 -0.014231 -0.0436964 1.00042 0.292755
0.705903 -0.711116 -0.0219191 114.853 0.7114 0.704887 0.0412352 62.5127 -0.0138612 -0.0446382 1.0004 0.292709
0.707517 -0.709565 -0.0209591 115.483 0.709838 0.706591 0.0393969 63.1424 -0.0131346 -0.0426903 1.00051 0.284792
0.708043 -0.709153 -0.0177703 116.122 0.709362 0.707343 0.0346683 63.7741 -0.0120059 -0.0370985 1.00076 0.275023
0.708323 -0.708944 -0.0159445 116.768 0.709124 0.70774 0.0318899 64.4228 -0.0113147 -0.0338453 1.00089 0.271867
0.708851 -0.708456 -0.0153266 117.411 0.708614 0.708254 0.0324168 65.0702 -0.0121007 -0.0337889 1.0009 0.26331
0.709933 -0.707398 -0.01542 118.047 0.707489 0.709141 0.0377495 65.6915 -0.0157537 -0.0376522 1.00072 0.237927
0.710847 -0.706531 -0.0142819 118.648 0.706478 0.709845 0.0435159 66.3228 -0.0205849 -0.0409602 1.00052 0.237283
0.712099 -0.705275 -0.0153387 119.226 0.705306 0.711148 0.0416579 66.9255 -0.0184526 -0.0404199 1.00059 0.239697
0.712928 -0.70439 -0.0185365 119.79 0.704643 0.712164 0.0355745 67.5069 -0.0118473 -0.0383622 1.00078 0.260602
0.713114 -0.704134 -0.0218702 120.362 0.70458 0.712661 0.0261962 68.081 -0.00286295 -0.0340341 1.00102 0.279872
0.711994 -0.705312 -0.0213091 120.964 0.705747 0.711608 0.0240861 68.6771 -0.0018294 -0.0321342 1.0011 0.271796
0.711015 -0.706595 -0.00882185 121.603 0.706533 0.710418 0.0346707 69.318 -0.0182104 -0.0308334 1.00099 0.233654
0.710098 -0.707587 0.00434664 122.232 0.706874 0.70955 0.0446381 69.9496 -0.0346229 -0.0285787 1.00063 0.186009
0.709626 -0.708094 0.00331765 122.822 0.707419 0.709045 0.0444807 70.5433 -0.0338029 -0.0291696 1.00066 0.182132
0.709179 -0.708574 -0.00241948 123.396 0.708119 0.708455 0.0431921 71.1288 -0.0288521 -0.0322895 1.00073 0.208915
0.708698 -0.709001 -0.0111819 123.971 0.708936 0.707881 0.0395326 71.7091 -0.0200883 -0.0358812 1.00083 0.226473
0.707429 -0.710158 -0.0178934 124.542 0.710422 0.70669 0.0343616 72.2969 -0.0117452 -0.0369539 1.00094 0.227268
0.705505 -0.712101 -0.0178228 125.139 0.712407 0.704911 0.0301956 72.9133 -0.00893109 -0.033938 1.00109 0.19119
0.70275 -0.714827 -0.0187396 125.714 0.715175 0.702186 0.0289306 73.5257 -0.00751623 -0.0336702 1.00112 0.19025
0.699539 -0.717959 -0.0202294 126.289 0.718359 0.698957 0.029013 74.1337 -0.00668667 -0.0347619 1.0011 0.200991
0.696033 -0.721312 -0.0227797 126.858 0.721792 0.695356 0.0310341 74.7322 -0.00654191 -0.0379701 1.001 0.220987
0.69292 -0.724239 -0.025619 127.422 0.724814 0.692104 0.0339038 75.3188 -0.0068201 -0.0419802 1.00086 0.244531
0.691199 -0.725891 -0.0262492 128.001 0.726474 0.690259 0.0365384 75.9149 -0.00839851 -0.0442378 1.00076 0.260842
0.690665 -0.726517 -0.0237146 128.586 0.726974 0.689669 0.0382952 76.5363 -0.0114561 -0.0436024 1.00077 0.248682
0.690073 -0.727182 -0.0213831 129.156 0.727523 0.689039 0.0397672 77.1497 -0.0141688 -0.0429126 1.00078 0.234241
0.689126 -0.728152 -0.0199417 129.717 0.728429 0.688094 0.040097 77.7544 -0.0154571 -0.0420721 1.00081 0.225752
0.686399 -0.730781 -0.0188928 130.266 0.73106 0.685499 0.0371419 78.3474 -0.0141756 -0.0392244 1.00096 0.224326
0.682404 -0.734536 -0.0191669 130.806 0.734884 0.681677 0.0323409 78.9336 -0.0106793 -0.0360782 1.00113 0.239516
0.677092 -0.739472 -0.0188875 131.332 0.739832 0.67644 0.0301117 79.5255 -0.0094817 -0.0342877 1.00122 0.225433
0.671938 -0.744287 -0.0144664 131.862 0.74445 0.67121 0.0338733 80.1503 -0.0154824 -0.0334572 1.00119 0.196114
0.667686 -0.748202 -0.0103734 132.409 0.748091 0.666799 0.0407625 80.7526 -0.0235487 -0.0349005 1.001 0.169621
0.664118 -0.751433 -0.00774223 132.951 0.751037 0.663044 0.0477978 81.3552 -0.0307379 -0.0374759 1.00072 0.152509
0.661017 -0.75421 -0.00588639 133.5 0.753606 0.659842 0.0519779 81.9703 -0.0352643 -0.0387088 1.00054 0.160968
0.657185 -0.757539 -0.00994277 134.022 0.757354 0.656211 0.0432143 82.5761 -0.0261726 -0.0358487 1.00094 0.197141
0.65265 -0.761398 -0.0149005 134.552 0.761558 0.651846 0.0352392 83.1824 -0.0170937 -0.0342668 1.0012 0.187091
0.647189 -0.765943 -0.0205641 135.093 0.766354 0.646435 0.0314422 83.8138 -0.0107759 -0.0360235 1.00124 0.153582
0.641084 -0.770973 -0.0245443 135.614 0.771496 0.640142 0.0350259 84.4967 -0.0112779 -0.041293 1.00104 0.13088
0.63486 -0.776031 -0.0276391 136.132 0.776639 0.633702 0.0389695 85.1792 -0.0127099 -0.0460967 1.00083 0.125035
0.628344 -0.781226 -0.0308216 136.642 0.781944 0.626996 0.0418995 85.8562 -0.0133903 -0.0503084 1.00063 0.132669
0.621711 -0.786499 -0.0319556 137.153 0.78727 0.620346 0.0417605 86.5201 -0.0130039 -0.0509978 1.00061 0.13593
0.615067 -0.791696 -0.032873 137.659 0.792513 0.613705 0.0413138 87.1797 -0.0125172 -0.0513379 1.00061 0.133737
0.608626 -0.796661 -0.0335111 138.157 0.797495 0.607208 0.0420812 87.8504 -0.0131585 -0.052208 1.00057 0.109969
0.602174 -0.801571 -0.0336745 138.653 0.80234 0.600512 0.046428 88.5317 -0.0169688 -0.05484 1.00039 0.0850769
0.596226 -0.806123 -0.0314772 139.151 0.806671 0.594344 0.0510742 89.2025 -0.0224292 -0.055704 1.00025 0.0751737
0.590463 -0.810477 -0.0289505 139.647 0.81078 0.588425 0.0549095 89.8869 -0.0274237 -0.0557535 1.00013 0.0663767
0.585713 -0.814014 -0.0269079 140.143 0.814151 0.58364 0.0565383 90.5722 -0.0302686 -0.0548818 1.00011 0.0593931
0.581741 -0.816866 -0.0275491 140.64 0.817019 0.579618 0.0569962 91.2652 -0.0305391 -0.0555213 1.00008 0.0582237
0.579265 -0.818328 -0.0359349 141.106 0.819047 0.577086 0.0539658 91.9672 -0.0233854 -0.060535 0.999994 0.0551006
0.576928 -0.819645 -0.0433941 141.572 0.820899 0.574816 0.0504072 92.6602 -0.016346 -0.0645338 0.999896 0.0432537
0.574413 -0.821246 -0.0468985 142.047 0.822738 0.572278 0.0498171 93.3618 -0.0140507 -0.0670228 0.99978 0.0312008
0.572142 -0.822814 -0.0476842 142.519 0.82432 0.569813 0.0523623 94.0673 -0.0158875 -0.0690806 0.999626 0.00230038
0.570186 -0.824648 -0.0392039 143.006 0.825302 0.567255 0.063855 94.7879 -0.0303667 -0.0685787 0.999339 -0.0342528
0.566473 -0.827497 -0.0331258 143.475 0.827615 0.5635 0.067453 95.4365 -0.0370849 -0.065446 0.999336 -0.0631256
0.562037 -0.830673 -0.0297699 143.92 0.830952 0.559851 0.0563171 96.111 -0.0300602 -0.0562306 1.00014 -0.0551578
0.556453 -0.834571 -0.0262135 144.342 0.834964 0.55495 0.0447888 96.7771 -0.0227905 -0.0466734 1.00084 -0.0569546
0.550523 -0.83841 -0.0295768 144.754 0.839031 0.549118 0.0411411 97.4489 -0.0182183 -0.047325 1.00091 -0.0678813
0.544347 -0.84233 -0.0330886 145.178 0.843111 0.542858 0.0414447 98.1233 -0.0169163 -0.0503088 1.0008 -0.0963309
0.537989 -0.846475 -0.0320055 145.644 0.847065 0.536189 0.047797 98.8218 -0.0232544 -0.0526687 1.00057 -0.119602
0.53251 -0.850142 -0.0267575 146.112 0.850321 0.530592 0.0527325 99.52 -0.030575 -0.0506804 1.00049 -0.139669
0.527342 -0.853564 -0.0203015 146.573 0.853352 0.525534 0.0548772 100.226 -0.036103 -0.0461212 1.00054 -0.157979
0.522067 -0.857004 -0.0105265 147.023 0.856695 0.520935 0.0465005 100.964 -0.0343008 -0.0331849 1.00113 -0.131014
0.516404 -0.860502 -0.0057273 147.453 0.860445 0.51577 0.0337086 101.711 -0.0260005 -0.0222537 1.00169 -0.123248
0.510787 -0.863885 -0.004216 147.899 0.864034 0.510385 0.0229993 102.442 -0.0176805 -0.0153269 1.00201 -0.133371
0.504917 -0.867345 -0.00613315 148.345 0.867598 0.504556 0.0181462 103.188 -0.0126175 -0.0144222 1.00212 -0.173014
0.500461 -0.869963 -0.00417946 148.785 0.869948 0.499921 0.0309202 103.983 -0.0247595 -0.0190364 1.00183 -0.209788
0.4964 -0.87232 -0.00268912 149.222 0.871877 0.495627 0.0438424 104.762 -0.0368372 -0.0240202 1.00136 -0.248883
0.49298 -0.874289 -0.00112334 149.649 0.873443 0.492047 0.0526943 105.523 -0.045425 -0.0268624 1.00095 -0.273222
0.491437 -0.875186 -0.00157119 150.053 0.874846 0.490779 0.0403295 106.251 -0.0344527 -0.0211133 1.00154 -0.208761
0.489234 -0.876399 -0.00942007 150.413 0.876486 0.488543 0.0316191 106.983 -0.0230582 -0.0236379 1.00182 -0.199586
0.486907 -0.877578 -0.0185633 150.78 0.878023 0.486223 0.0248748 107.725 -0.0127729 -0.0283097 1.0019 -0.218386
0.48533 -0.878577 -0.0132259 151.19 0.878904 0.484745 0.0236582 108.464 -0.0143406 -0.0230194 1.00203 -0.280378
0.48473 -0.879021 -0.00561334 151.608 0.879119 0.484192 0.0277852 109.181 -0.0216574 -0.0183287 1.00201 -0.343502
0.484312 -0.8793 0.000278642 152.017 0.879152 0.483823 0.0335266 109.918 -0.0295502 -0.0159244 1.00186 -0.386251
0.483477 -0.879789 0.00135061 152.414 0.879422 0.482913 0.0397764 110.675 -0.0355696 -0.017969 1.00164 -0.394554
0.481785 -0.880745 -0.00271006 152.812 0.880576 0.481153 0.0360899 111.448 -0.0304139 -0.0196948 1.00179 -0.34115
0.480052 -0.881654 -0.0112115 153.24 0.881826 0.479329 0.0301347 112.188 -0.0211441 -0.0242605 1.00194 -0.341276
0.478106 -0.882732 -0.0119086 153.67 0.883089 0.477592 0.019986 112.935 -0.0119231 -0.0199918 1.0022 -0.358453
0.477035 -0.883407 -0.00519239 154.067 0.883727 0.476683 0.0139932 113.705 -0.00985952 -0.0112094 1.00238 -0.411459
0.476226 -0.883889 -0.00119743 154.445 0.884073 0.475849 0.0208343 114.479 -0.017802 -0.0109264 1.00228 -0.453763
0.475005 -0.884576 0.00145453 154.831 0.884563 0.474592 0.0285786 115.258 -0.0259097 -0.0122301 1.00211 -0.474105
0.474008 -0.885133 0.00414064 155.239 0.885035 0.473641 0.0306457 116.02 -0.0290192 -0.0108075 1.00205 -0.426044
0.473853 -0.885239 -0.00597561 155.645 0.885325 0.473237 0.0294407 116.754 -0.0231776 -0.0191622 1.00209 -0.402054
0.473486 -0.885376 -0.014094 156.05 0.885676 0.47273 0.0279841 117.5 -0.0180671 -0.0256346 1.00207 -0.395872
0.472708 -0.885785 -0.0163905 156.448 0.886157 0.471922 0.0274667 118.291 -0.0165506 -0.0274042 1.00206 -0.444366
0.472525 -0.885924 -0.0159949 156.847 0.886246 0.471676 0.029813 119.061 -0.0188185 -0.0281557 1.00202 -0.477266
0.472211 -0.886133 -0.0155604 157.237 0.886367 0.471258 0.0335669 119.825 -0.0223547 -0.0295307 1.00192 -0.494389
0.471844 -0.88637 -0.015114 157.619 0.886513 0.470799 0.0368926 120.575 -0.0255204 -0.0306896 1.00182 -0.496217
0.471372 -0.88664 -0.0159814 158.003 0.886755 0.470231 0.0390732 121.318 -0.0270603 -0.0324664 1.00174 -0.484644
0.47047 -0.887057 -0.0206513 158.375 0.887312 0.469174 0.0399023 122.04 -0.0256399 -0.036959 1.00164 -0.470719
0.469082 -0.887696 -0.0256152 158.749 0.888154 0.467676 0.0395339 122.758 -0.0230524 -0.0411429 1.00155 -0.468183
0.467695 -0.888355 -0.029077 159.122 0.888933 0.466151 0.0408231 123.481 -0.0226491 -0.0447755 1.00142 -0.505689
0.466161 -0.889458 -0.0194656 159.491 0.889489 0.464651 0.0461982 124.169 -0.0319642 -0.0387026 1.00143 -0.594665
0.465133 -0.89019 -0.00986977 159.882 0.889786 0.46386 0.0490142 124.864 -0.0389555 -0.0314538 1.00145 -0.617981
0.464474 -0.890545 -0.0118526 160.207 0.890306 0.463211 0.0462803 125.556 -0.0356321 -0.0319202 1.00158 -0.564041
0.464769 -0.890388 -0.0145013 160.55 0.89036 0.463532 0.0425781 126.221 -0.0311057 -0.0325697 1.00172 -0.543559
0.465448 -0.889988 -0.0188377 160.882 0.890206 0.464197 0.0391606 126.875 -0.0260348 -0.0348583 1.0018 -0.535367
0.466391 -0.889483 -0.020976 161.224 0.889886 0.465248 0.0344811 127.524 -0.0208489 -0.03461 1.00195 -0.538945
0.468675 -0.888369 -0.0187592 161.546 0.888827 0.467782 0.0277658 128.15 -0.01584 -0.0295652 1.00221 -0.543945
0.471896 -0.886732 -0.0171488 161.862 0.887222 0.471165 0.0225091 128.758 -0.0118379 -0.0257275 1.00239 -0.558196
0.477113 -0.884036 -0.013749 162.175 0.884432 0.476397 0.0234604 129.373 -0.0141431 -0.0232517 1.00243 -0.57853
0.482959 -0.880946 -0.0101882 162.486 0.881119 0.482119 0.0311487 129.989 -0.0224623 -0.0239153 1.00228 -0.612743
0.48871 -0.877823 -0.0090236 162.798 0.877741 0.487672 0.039757 130.593 -0.0304136 -0.0272323 1.002 -0.627805
0.494379 -0.874667 -0.0106099 163.11 0.87456 0.493215 0.0421382 131.125 -0.0315345 -0.0299836 1.0019 -0.606354
0.500586 -0.871152 -0.0122601 163.441 0.871255 0.499529 0.0365933 131.681 -0.0256773 -0.0288759 1.00212 -0.58678
0.506761 -0.867583 -0.01454 163.766 0.86791 0.505848 0.0293985 132.248 -0.0180911 -0.0273989 1.00234 -0.565998
0.51287 -0.863978 -0.0173728 164.082 0.864478 0.512091 0.0226996 132.829 -0.0106732 -0.0265452 1.00248 -0.572942
0.519168 -0.86018 -0.0206304 164.397 0.8608 0.518461 0.0188628 133.415 -0.00549917 -0.0274337 1.00252 -0.609711
0.52475 -0.856912 -0.0169815 164.748 0.8574 0.523957 0.0229826 133.957 -0.0107541 -0.026504 1.00251 -0.656455
0.530128 -0.853729 -0.0116584 165.104 0.854006 0.529269 0.028315 134.503 -0.0179436 -0.0248551 1.00247 -0.668833
0.534922 -0.850839 -0.00570375 165.448 0.850921 0.534113 0.0311707 135.05 -0.0234024 -0.0214263 1.00245 -0.65759
0.537829 -0.849048 -0.00565336 165.794 0.849087 0.536976 0.0329303 135.598 -0.0248469 -0.0224062 1.0024 -0.653134
