0.482225 -0.875762 0.0223431 0.687687 0.876012 0.482277 -0.00335446 0.551613 -0.00783787 0.0211904 0.999745 0.786409
0.481374 -0.876215 0.0229556 1.10617 0.876483 0.481417 -0.00395712 1.31034 -0.00758394 0.0220251 0.999729 0.788858
0.479877 -0.8771 0.0203481 1.51646 0.877321 0.479877 -0.00518702 2.08371 -0.00521504 0.0203409 0.999779 0.793992
0.479114 -0.877568 0.0180219 1.94094 0.877748 0.479076 -0.00661425 2.85998 -0.00282943 0.0189877 0.999816 0.795328
0.476757 -0.878934 0.0133263 2.36009 0.879033 0.476736 -0.00485845 3.65121 -0.00208287 0.0140306 0.999899 0.794567
0.47609 -0.879313 0.0121242 2.76502 0.879395 0.476071 -0.00460066 4.42938 -0.00172659 0.0128523 0.999916 0.796605
0.474741 -0.880036 0.0125887 3.20036 0.880121 0.474737 -0.00341809 5.23124 -0.00296828 0.0127023 0.999915 0.801229
0.473553 -0.880661 0.0135244 3.61899 0.880755 0.473567 -0.0023685 6.03578 -0.00431886 0.0130333 0.999906 0.804254
0.472774 -0.88107 0.0141312 4.05603 0.881172 0.47279 -0.00239265 6.84404 -0.00457298 0.0135832 0.999897 0.812427
0.471108 -0.881958 0.0144155 4.47343 0.882067 0.471112 -0.00334021 7.64565 -0.00384537 0.014289 0.999891 0.810974
0.470233 -0.88242 0.0147014 4.90835 0.882534 0.470234 -0.00361631 8.46929 -0.00372201 0.014675 0.999885 0.812951
0.469885 -0.882601 0.0149457 5.3397 0.882712 0.46991 -0.0020023 9.28714 -0.00525589 0.0141336 0.999886 0.814151
0.469459 -0.882836 0.0144158 5.77349 0.882914 0.469532 0.00192304 10.107 -0.00846641 0.0118251 0.999894 0.816702
0.470316 -0.882357 0.0157857 6.21033 0.882414 0.470443 0.00539653 10.9481 -0.0121879 0.0113914 0.999861 0.817057
0.471791 -0.881516 0.0184992 6.6516 0.881583 0.471975 0.00705631 11.7736 -0.0149514 0.0129795 0.999804 0.812161
0.472864 -0.880891 0.0207733 7.09472 0.88099 0.473083 0.00702144 12.6101 -0.0160126 0.0149809 0.99976 0.809219
0.474482 -0.88 0.0215987 7.54687 0.880154 0.474669 0.00426302 13.451 -0.0140037 0.0169875 0.999758 0.801699
0.475464 -0.87952 0.0194579 7.98611 0.879682 0.475563 0.000523857 14.2943 -0.00971421 0.0168677 0.999811 0.798616
0.47679 -0.878865 0.0163436 8.44323 0.878989 0.476842 -0.000826839 15.1292 -0.00706665 0.0147601 0.999866 0.7888
0.477824 -0.878274 0.0178806 8.89435 0.878437 0.477848 -0.00317248 15.9658 -0.00575791 0.0172229 0.999835 0.737474
0.477927 -0.87818 0.0196322 9.34848 0.878361 0.477997 -0.00126992 16.8318 -0.00826893 0.0178511 0.999806 0.727855
0.476838 -0.878601 0.0261781 9.83092 0.878883 0.477036 0.0015286 17.6961 -0.0138309 0.0222786 0.999656 0.71024
0.475502 -0.878955 0.0365368 10.3043 0.879589 0.475725 -0.00288564 18.5482 -0.0148451 0.0335095 0.999328 0.70233
0.474602 -0.879523 0.0345403 10.7698 0.880136 0.474677 -0.00651234 19.4357 -0.0106677 0.0334909 0.999382 0.707365
0.473231 -0.880269 0.0343185 11.2355 0.880906 0.473188 -0.00988096 20.318 -0.00754119 0.0349073 0.999362 0.722758
0.471336 -0.881406 0.0310985 11.7025 0.881937 0.471255 -0.0103321 21.1858 -0.00554855 0.0322968 0.999463 0.730106
0.469946 -0.882196 0.0296717 12.1493 0.882668 0.46993 -0.00795278 22.0355 -0.00692772 0.0299277 0.999528 0.718003
0.468649 -0.882911 0.028907 12.5958 0.883341 0.468698 -0.00545889 22.8941 -0.00872894 0.028093 0.999567 0.699162
0.468027 -0.883246 0.0287709 13.0465 0.883642 0.468156 -0.00248438 23.7822 -0.011275 0.026586 0.999583 0.696144
0.467375 -0.883584 0.0289876 13.5046 0.883948 0.467585 0.000531363 24.6764 -0.0140236 0.0253751 0.99958 0.692362
0.466899 -0.88385 0.0285204 13.9782 0.88414 0.467199 0.00454803 25.5592 -0.0173445 0.0230926 0.999583 0.686404
0.466386 -0.884096 0.029294 14.4469 0.884354 0.466762 0.00722774 26.4484 -0.0200633 0.0225354 0.999545 0.660476
0.466824 -0.883863 0.0293355 14.9003 0.88414 0.46718 0.0063274 27.366 -0.0192975 0.0229829 0.99955 0.656156
0.467198 -0.883658 0.0295822 15.3638 0.883961 0.467532 0.00520729 28.2817 -0.0184321 0.0237166 0.999549 0.654125
0.467303 -0.883668 0.027539 15.8347 0.88396 0.467552 0.00302119 29.1256 -0.0155456 0.0229316 0.999616 0.630119
0.466658 -0.884132 0.0232448 16.2912 0.884307 0.466879 0.00492334 30.0123 -0.0152054 0.0182581 0.999718 0.638969
0.465804 -0.884534 0.0250241 16.7566 0.884738 0.46606 0.00522915 30.8887 -0.0162881 0.019704 0.999673 0.641389
0.464908 -0.884942 0.0271434 17.2271 0.885194 0.465195 0.00501652 31.7638 -0.0170663 0.021695 0.999619 0.634904
0.464182 -0.885182 0.0314228 17.6732 0.885598 0.46445 0.00142471 32.6177 -0.0158555 0.0271667 0.999505 0.616014
0.464164 -0.885274 0.0290095 18.1053 0.885672 0.464306 -0.0020171 33.4914 -0.0116836 0.0266292 0.999577 0.60462
0.463533 -0.885774 0.023291 18.5548 0.88603 0.463625 -0.00160342 34.3677 -0.00937803 0.0213798 0.999727 0.618929
0.463307 -0.88597 0.0201142 19.0202 0.88613 0.463432 0.00182801 35.2534 -0.0109411 0.0169769 0.999796 0.636559
0.463401 -0.8858 0.024852 19.4611 0.886027 0.46362 0.00356793 36.089 -0.0146824 0.0203662 0.999685 0.611591
0.462813 -0.8861 0.025123 19.9315 0.886311 0.463064 0.00498198 36.9748 -0.0160481 0.0199611 0.999672 0.614267
0.462433 -0.886277 0.0258459 20.3554 0.886518 0.462676 0.00403212 37.8243 -0.0155319 0.0210483 0.999658 0.618736
0.462168 -0.886383 0.0269418 20.7992 0.886686 0.46237 0.00145517 38.6579 -0.0137469 0.0232164 0.999636 0.628376
0.461571 -0.886733 0.0256315 21.2292 0.88699 0.461781 0.00265557 39.4757 -0.0141909 0.0215092 0.999668 0.637715
0.461167 -0.886895 0.027254 21.6622 0.887136 0.461471 0.00579392 40.3084 -0.0177155 0.021506 0.999612 0.627808
0.460174 -0.887259 0.0318117 22.125 0.887543 0.460639 0.00885114 41.1641 -0.022507 0.0241612 0.999455 0.600884
0.45968 -0.887408 0.0346664 22.5849 0.887739 0.46024 0.00993726 42.0604 -0.0247733 0.0262068 0.99935 0.595209
0.458464 -0.888038 0.0346438 23.0015 0.888426 0.458958 0.00751624 42.9268 -0.0225747 0.0273325 0.999371 0.582143
0.457746 -0.88849 0.0324585 23.3905 0.888941 0.45802 0.00115254 43.7108 -0.0158906 0.0283261 0.999472 0.575789
0.456764 -0.889143 0.0281327 23.8007 0.889525 0.456878 -0.00258103 44.5182 -0.0105583 0.0262036 0.999601 0.582513
0.456011 -0.889729 0.0208919 24.2096 0.889918 0.45612 0.00047069 45.3551 -0.00994798 0.0183774 0.999782 0.576951
0.455318 -0.890191 0.0156777 24.6231 0.890271 0.455418 0.00338313 46.1829 -0.0101515 0.012417 0.999871 0.569364
0.453847 -0.89096 0.0145773 25.0284 0.890991 0.453972 0.00669156 46.9805 -0.0125796 0.00995126 0.999871 0.594363
0.452528 -0.89157 0.0179337 25.4133 0.891645 0.452692 0.00623995 47.7537 -0.0136818 0.0131668 0.99982 0.58749
0.451143 -0.89231 0.0159039 25.7965 0.892332 0.451303 0.00835652 48.5167 -0.0146341 0.0104216 0.999839 0.58426
0.450113 -0.892836 0.0155334 26.1746 0.892838 0.450279 0.00943357 49.2863 -0.015417 0.00962268 0.999835 0.586625
0.448662 -0.893569 0.0153949 26.5421 0.893558 0.448832 0.0101735 50.0211 -0.0160005 0.0091918 0.99983 0.586946
0.447454 -0.894184 0.0148102 26.9085 0.89415 0.447624 0.0112859 50.7466 -0.0167211 0.00819261 0.999827 0.586371
0.446809 -0.894524 0.0137476 27.2545 0.894429 0.446981 0.0143034 51.4693 -0.0189397 0.0059054 0.999803 0.574749
0.445972 -0.894927 0.0146268 27.5937 0.894758 0.446183 0.0181023 52.1754 -0.0227265 0.0050144 0.999729 0.5613
0.444316 -0.895737 0.0154467 27.9338 0.895529 0.444556 0.0199206 52.858 -0.0247106 0.00498191 0.999682 0.556823
0.442819 -0.896493 0.0145584 28.2693 0.896344 0.443025 0.0171918 53.5426 -0.021862 0.00543653 0.999746 0.567252
0.442063 -0.896893 0.0127514 28.602 0.896851 0.442198 0.0109622 54.2025 -0.0154706 0.00659009 0.999859 0.573289
0.440897 -0.897501 0.0100851 28.9086 0.897513 0.440959 0.00499188 54.8471 -0.00892733 0.00685059 0.999937 0.566493
0.440415 -0.897782 0.004733 29.2182 0.897772 0.440435 0.00465205 55.4772 -0.00626111 0.00220032 0.999978 0.557901
0.439384 -0.898297 0.00174817 29.5024 0.898244 0.439378 0.0102136 56.0839 -0.00994293 -0.0029174 0.999946 0.577114
0.438653 -0.898643 0.00497038 29.7869 0.898569 0.43868 0.0115001 56.6649 -0.0125149 -0.000578323 0.999922 0.57882
0.437559 -0.899158 0.00759609 30.0688 0.899121 0.437615 0.00869134 57.2488 -0.011139 0.00302683 0.999933 0.578309
0.437816 -0.899011 0.00984692 30.3404 0.899049 0.437846 0.00109182 57.798 -0.00529299 0.00837485 0.999951 0.585727
0.438677 -0.898579 0.0109164 30.6062 0.898645 0.43865 -0.00481784 58.3314 -0.000459279 0.0119234 0.999929 0.582674
0.441431 -0.897261 0.00779476 30.8618 0.897295 0.441408 -0.00458351 58.8508 0.000671935 0.0090175 0.999959 0.58902
0.444988 -0.895527 0.00419548 31.1008 0.895534 0.444993 0.000254543 59.3811 -0.00209491 0.00364393 0.999991 0.579331
0.449525 -0.893251 0.00542677 31.355 0.893255 0.449542 0.00252306 59.8439 -0.00469329 0.00371332 0.999982 0.591819
0.454421 -0.890736 0.0095656 31.5917 0.890743 0.454479 0.00508322 60.3007 -0.00887517 0.00621057 0.999941 0.607955
0.461274 -0.887098 0.016836 31.868 0.887164 0.461418 0.0057502 60.8073 -0.0128694 0.0122839 0.999842 0.627331
0.470148 -0.882442 0.01605 32.0966 0.882481 0.470296 0.00699058 61.2547 -0.0137171 0.0108772 0.999847 0.653423
0.482348 -0.875886 0.0127983 32.3404 0.875874 0.482465 0.00848253 61.7074 -0.0136045 0.00711822 0.999882 0.660664
0.498758 -0.866709 0.0075384 32.5361 0.866619 0.498815 0.012443 62.1425 -0.0145447 0.000326872 0.999894 0.643585
0.518964 -0.854752 0.00866584 32.8091 0.854652 0.519036 0.0130997 62.5515 -0.0156949 0.000608026 0.999877 0.636762
0.540087 -0.841514 0.0126615 33.0871 0.841431 0.540221 0.0124798 62.9158 -0.0173419 0.00391361 0.999842 0.643455
0.563793 -0.825775 0.0152884 33.346 0.825659 0.563983 0.0145071 63.2612 -0.020602 0.00444397 0.999778 0.64513
0.589709 -0.807469 0.0154343 33.6379 0.807328 0.589901 0.0154522 63.5974 -0.0215819 0.00334821 0.999761 0.656186
0.620767 -0.783832 0.0159699 33.8704 0.783673 0.620967 0.0160001 63.9118 -0.0224582 0.00258289 0.999744 0.649178
0.652369 -0.757727 0.0162748 34.166 0.757537 0.652571 0.0170211 64.2371 -0.0235178 0.00122474 0.999723 0.647539
0.684543 -0.72878 0.0167483 34.4804 0.728572 0.684748 0.0174205 64.5511 -0.024164 0.000277275 0.999708 0.637832
0.720536 -0.693236 0.0158732 34.7979 0.693039 0.72071 0.0165691 64.8203 -0.0229262 -0.000937888 0.999737 0.6289
0.758029 -0.652043 0.015239 35.1008 0.651856 0.758179 0.0157607 65.0782 -0.0218306 -0.00201342 0.99976 0.632795
0.795803 -0.605387 0.0143191 35.3589 0.605203 0.795924 0.0153493 65.2819 -0.0206891 -0.00354904 0.99978 0.613653
0.831195 -0.555821 0.0133355 35.6687 0.555643 0.831287 0.0149404 65.4838 -0.0193898 -0.00500866 0.999799 0.605874
0.865035 -0.501547 0.0128558 36.0073 0.501384 0.865112 0.013952 65.6688 -0.0181193 -0.00562327 0.99982 0.596764
0.896219 -0.443394 0.0138914 36.3468 0.443262 0.896316 0.0116388 65.8784 -0.0176117 -0.00427341 0.999836 0.596116
0.923317 -0.383782 0.0140383 36.7108 0.383659 0.923413 0.0107253 66.0253 -0.0170793 -0.00451698 0.999844 0.605014
0.946284 -0.322958 0.0156557 37.0725 0.322804 0.946395 0.0115899 66.1371 -0.0185596 -0.0059136 0.99981 0.612918
0.964786 -0.26245 0.0175435 37.4204 0.262224 0.964903 0.014166 66.1895 -0.0206457 -0.00906681 0.999746 0.599422
0.979217 -0.201953 0.0187009 37.8022 0.201697 0.979337 0.0147239 66.2106 -0.021288 -0.010646 0.999717 0.584543
0.989707 -0.141931 0.0183249 38.2016 0.141732 0.989835 0.0117398 66.2529 -0.0198049 -0.00902171 0.999763 0.574795
0.99633 -0.0835538 0.0185674 38.5568 0.0834285 0.996486 0.00742125 66.2553 -0.0191222 -0.00584497 0.9998 0.587438
0.999475 -0.0259473 0.0193814 38.9109 0.0258163 0.999642 0.00698039 66.2614 -0.0195556 -0.00647638 0.999788 0.600113
0.999407 0.0286105 0.0191826 39.3039 -0.0288307 0.99952 0.0113027 66.2348 -0.01885 -0.011849 0.999752 0.600671
0.996595 0.0805704 0.0175154 39.6842 -0.080816 0.996634 0.0137961 66.2128 -0.0163449 -0.0151646 0.999751 0.586052
0.991575 0.12868 0.0148285 40.0763 -0.128806 0.991639 0.0078222 66.171 -0.013698 -0.0096663 0.999859 0.563111
0.984884 0.172549 0.0151711 40.4371 -0.172474 0.984995 -0.00614982 66.0639 -0.0160046 0.00344024 0.999866 0.544045
0.977521 0.210129 0.0172806 40.8684 -0.209949 0.977643 -0.0116223 65.9963 -0.0193364 0.00773301 0.999783 0.558658
0.969926 0.242819 0.0167896 41.2119 -0.242727 0.970067 -0.00734321 65.8847 -0.0180701 0.00304708 0.999832 0.591738
0.961437 0.274625 0.0148461 41.5883 -0.274678 0.961535 0.00164578 65.7561 -0.0138231 -0.00566022 0.999888 0.617543
0.952722 0.303541 0.0135762 41.9798 -0.303671 0.952736 0.0088045 65.6825 -0.0102621 -0.0125109 0.999869 0.576078
0.944319 0.328833 0.0114364 42.3609 -0.328933 0.944317 0.0082879 65.5714 -0.00807422 -0.0115882 0.9999 0.567975
0.9361 0.351681 0.00608026 42.745 -0.351704 0.936106 0.00319108 65.4036 -0.00456953 -0.00512563 0.999976 0.547149
0.928127 0.372261 -0.00123979 43.1456 -0.372263 0.928127 -0.00104236 65.2262 0.000762652 0.00142897 0.999999 0.545847
0.920502 0.390671 -0.00726627 43.5385 -0.39068 0.920526 0.000180397 65.0644 0.00675927 0.00267273 0.999974 0.550947
0.913316 0.407177 -0.00776966 43.9423 -0.407151 0.913348 0.00476335 64.9165 0.00903593 -0.00118702 0.999959 0.567096
0.907117 0.420873 -0.00238553 44.3932 -0.42086 0.907115 0.00439632 64.7363 0.00401424 -0.00298401 0.999987 0.554109
0.900597 0.434654 0.000565918 44.8342 -0.434654 0.900592 0.00316825 64.5525 0.000867433 -0.0030993 0.999995 0.556835
0.894792 0.446479 0.00212017 45.2552 -0.446483 0.894789 0.00243058 64.3042 -0.000811898 -0.00312148 0.999995 0.55884
0.88955 0.456837 0.00100461 45.6914 -0.456835 0.88955 -0.00138077 64.0712 -0.00152444 0.000769322 0.999999 0.557448
0.884735 0.466093 -0.000900096 46.1685 -0.466093 0.884728 -0.00378783 63.8109 -0.00096914 0.00377076 0.999992 0.560062
0.881033 0.473053 -0.00147156 46.6433 -0.473055 0.881028 -0.00288733 63.5489 -6.93777e-05 0.00323996 0.999995 0.558679
0.878258 0.478179 -0.00262953 47.1387 -0.478186 0.878251 -0.0035609 63.2824 0.000606643 0.0043848 0.99999 0.562821
0.875444 0.483309 -0.00319085 47.6047 -0.483319 0.875433 -0.00440169 63.0154 0.000666003 0.00539563 0.999985 0.564878
0.872805 0.488059 -0.00307955 48.0783 -0.488068 0.872793 -0.00463778 62.7477 0.000424301 0.00555091 0.999985 0.563434
0.870181 0.492722 -0.00306059 48.5619 -0.492732 0.870168 -0.00476094 62.4713 0.000317411 0.00565093 0.999984 0.561694
0.868338 0.495962 -0.00334239 49.1455 -0.495973 0.868325 -0.00481906 62.1702 0.000512205 0.00584231 0.999983 0.572995
0.866459 0.499234 -0.00381566 49.7321 -0.499248 0.866442 -0.00543806 61.8614 0.00059119 0.00661682 0.999978 0.577172
0.865304 0.501234 -0.00354015 50.3003 -0.501247 0.865287 -0.0055465 61.499 0.000283148 0.00657389 0.999978 0.569228
0.864978 0.501779 -0.005486 50.8859 -0.501809 0.864929 -0.00920598 61.1461 0.000125632 0.0107159 0.999943 0.567203
0.865578 0.500721 -0.00727905 51.4743 -0.500774 0.865472 -0.0135721 60.7856 -0.000496014 0.0153929 0.999881 0.561877
0.866539 0.49905 -0.00771191 52.112 -0.499109 0.866416 -0.0145813 60.4334 -0.000595095 0.0164844 0.999864 0.555774
0.868029 0.496421 -0.00952269 52.7457 -0.496513 0.867852 -0.0175724 60.0859 -0.000459011 0.0199815 0.9998 0.557026
0.870865 0.491442 -0.00890917 53.3942 -0.491522 0.870709 -0.0164557 59.7316 -0.000329696 0.0187097 0.999825 0.58462
0.873654 0.486477 -0.00824939 54.0442 -0.486547 0.873515 -0.0156088 59.375 -0.000387378 0.0176504 0.999844 0.604427
0.875435 0.483268 -0.008027 54.7336 -0.483331 0.875244 -0.018394 58.9607 -0.00186364 0.0199824 0.999799 0.570414
0.87708 0.480306 -0.00610003 55.436 -0.480336 0.876915 -0.0172439 58.6249 -0.00293317 0.0180544 0.999833 0.567308
0.878824 0.477118 -0.00514845 56.1382 -0.477131 0.878659 -0.0174632 58.2299 -0.00380826 0.0178035 0.999834 0.571128
0.88083 0.47341 -0.00468161 56.8603 -0.473414 0.880665 -0.0175422 57.8486 -0.00418172 0.017668 0.999835 0.578842
0.882338 0.470549 -0.00795677 57.608 -0.470616 0.882217 -0.0146515 57.4883 0.000125368 0.0166721 0.999861 0.567775
0.883184 0.468927 -0.00965315 58.3797 -0.469011 0.883134 -0.0101413 57.0922 0.00376951 0.013484 0.999902 0.587617
0.883379 0.468573 -0.00902592 59.0682 -0.468625 0.883384 -0.00478208 56.7446 0.00573261 0.00845416 0.999948 0.605121
0.883369 0.468611 -0.00793559 59.7824 -0.468644 0.883382 -0.00292968 56.3834 0.00563728 0.00630695 0.999964 0.609486
0.883351 0.468662 -0.00690076 60.5057 -0.468683 0.883365 -0.00165512 56.0209 0.0053202 0.00469632 0.999975 0.617466
0.883255 0.468852 -0.00614645 61.2487 -0.468879 0.883254 -0.00390565 55.6523 0.0035977 0.00633163 0.999973 0.62996
0.883275 0.468824 -0.00532721 61.9965 -0.468849 0.883264 -0.00503688 55.2754 0.00234392 0.00694661 0.999973 0.644146
0.883591 0.468237 -0.00446626 62.7331 -0.468249 0.883594 -0.00208279 54.8794 0.00297112 0.00393166 0.999988 0.666396
0.883589 0.468253 -0.00294199 63.4799 -0.46825 0.883594 0.0017456 54.4998 0.00341691 -0.00016481 0.999994 0.666303
0.883131 0.469116 -0.00331607 64.2276 -0.469106 0.883136 0.00320114 54.1094 0.00443024 -0.00127143 0.999989 0.679391
0.882227 0.470824 -0.000346096 64.892 -0.470811 0.882208 0.00677023 53.7516 0.00349292 -0.00580994 0.999977 0.666974
0.880515 0.474018 0.00109974 65.6011 -0.474012 0.880488 0.00731452 53.3811 0.00249891 -0.00696184 0.999973 0.664149
0.877926 0.478775 0.00444688 66.3577 -0.478796 0.877886 0.00839874 52.9836 0.00011725 -0.00950262 0.999955 0.68459
0.875265 0.483584 0.00762828 67.1023 -0.483639 0.875217 0.00939462 52.5832 -0.00213331 -0.0119121 0.999927 0.703866
0.871287 0.49073 0.00655661 67.7894 -0.490769 0.871259 0.00727337 52.1954 -0.00214326 -0.00955497 0.999952 0.720036
0.867068 0.498124 0.00803095 68.4713 -0.498186 0.867001 0.0108901 51.804 -0.00153825 -0.0134433 0.999908 0.715902
0.862113 0.506662 0.00744065 69.1532 -0.506713 0.862071 0.00872139 51.4349 -0.00199557 -0.0112891 0.999934 0.718308
0.85694 0.515355 0.00787718 69.8514 -0.515409 0.856909 0.00785429 51.0259 -0.00270227 -0.0107906 0.999938 0.727432
0.850969 0.52511 0.0105333 70.5603 -0.525202 0.850919 0.00999298 50.5919 -0.00371556 -0.0140358 0.999895 0.72498
0.844843 0.534874 0.012272 71.2333 -0.534996 0.844781 0.0111325 50.1533 -0.00441263 -0.0159707 0.999863 0.737215
0.838956 0.544037 0.0133071 71.9104 -0.544186 0.838857 0.0134461 49.7112 -0.00384757 -0.0185222 0.999821 0.749822
0.832849 0.553331 0.0136478 72.5435 -0.553488 0.83274 0.0139628 49.3137 -0.00363898 -0.0191828 0.999809 0.747351
0.826598 0.562635 0.0133164 73.1702 -0.562788 0.826456 0.0154796 48.8749 -0.00229602 -0.0202897 0.999791 0.745832
0.820339 0.571725 0.0132246 73.8019 -0.571877 0.820158 0.01724 48.4301 -0.000989751 -0.0217055 0.999764 0.745251
0.815256 0.578979 0.0118805 74.4372 -0.5791 0.815101 0.0159366 47.9993 -0.00045684 -0.0198724 0.999802 0.730685
0.810066 0.586243 0.0105988 75.0675 -0.586338 0.809936 0.0145486 47.559 -5.54062e-05 -0.0179998 0.999838 0.731074
0.804152 0.594322 0.0109848 75.6738 -0.594423 0.804033 0.0138708 47.1198 -0.00058845 -0.0176839 0.999843 0.762206
0.79846 0.601949 0.010868 76.2744 -0.602046 0.798363 0.0125018 46.6676 -0.00115119 -0.0165252 0.999863 0.785873
0.794065 0.607737 0.0108442 76.8604 -0.607829 0.794 0.0103863 46.2125 -0.00229813 -0.0148388 0.999887 0.79614
0.791523 0.611015 0.012333 77.4594 -0.611131 0.791456 0.0107723 45.7517 -0.00317898 -0.0160636 0.999866 0.800176
0.789518 0.613665 0.00870875 77.9987 -0.613708 0.789526 0.00336243 45.3451 -0.00481238 -0.00799934 0.999956 0.80544
0.787607 0.616147 0.00617 78.5431 -0.616143 0.78763 -0.00280879 44.9294 -0.0065903 -0.00158938 0.999977 0.810954
0.787005 0.616854 0.0107401 79.0919 -0.616905 0.787035 0.00204331 44.5017 -0.00719238 -0.00823369 0.99994 0.832656
0.786461 0.617558 0.0100837 79.6514 -0.617608 0.786482 0.00263668 44.0608 -0.00630231 -0.00830139 0.999946 0.809099
0.786563 0.617455 0.0082317 80.1372 -0.617496 0.786566 0.00369527 43.6792 -0.00419311 -0.0079896 0.999959 0.816658
0.789163 0.614153 0.00610601 80.6628 -0.614173 0.78917 0.00183117 43.2762 -0.00369406 -0.00519524 0.99998 0.822562
0.791747 0.610831 0.00470906 81.1818 -0.610841 0.791753 0.000820427 42.8839 -0.00322727 -0.00352605 0.999989 0.828732
0.796127 0.605103 0.00560069 81.6886 -0.605121 0.796131 0.00216309 42.5142 -0.00314998 -0.00511119 0.999982 0.820466
0.803451 0.595327 0.00722465 82.099 -0.595361 0.803449 0.00397257 42.1817 -0.00343966 -0.00749304 0.999966 0.836508
0.811425 0.584421 0.00643693 82.5683 -0.584452 0.811414 0.00487354 41.8562 -0.00237481 -0.00771659 0.999967 0.831052
0.820458 0.571676 0.0059551 83.0569 -0.571706 0.820427 0.00717565 41.5392 -0.000783578 -0.00929188 0.999957 0.814217
0.831796 0.555072 0.00318351 83.4992 -0.555077 0.831752 0.00887155 41.2655 0.00227646 -0.00914641 0.999956 0.830082
0.844541 0.53549 0.000988396 83.9528 -0.53547 0.844489 0.0104951 40.996 0.00478536 -0.00939283 0.999944 0.818665
0.857928 0.513769 0.000333158 84.4395 -0.51373 0.857854 0.0129595 40.7801 0.00637239 -0.0112895 0.999916 0.832143
0.874106 0.485735 -0.000794323 84.9311 -0.485688 0.874041 0.0126212 40.5414 0.00682484 -0.0106465 0.99992 0.843008
0.891591 0.452842 0.000115482 85.423 -0.452816 0.891537 0.0109579 40.3374 0.00485924 -0.00982224 0.99994 0.816205
0.909281 0.416164 0.00390258 85.9125 -0.416182 0.909227 0.00993315 40.1778 0.000585489 -0.0106562 0.999943 0.832989
0.926579 0.376005 0.00850539 86.4147 -0.376078 0.926534 0.0100146 40.0501 -0.00411498 -0.012478 0.999914 0.844409
0.942956 0.332646 0.0134525 86.9136 -0.332801 0.942925 0.0116568 39.9514 -0.00880713 -0.0154688 0.999842 0.871424
0.959029 0.282872 0.0157332 87.395 -0.283073 0.959018 0.0124137 39.8628 -0.011577 -0.0163587 0.999799 0.863519
0.973657 0.227516 0.0151134 87.91 -0.227705 0.973654 0.0122072 39.8046 -0.0119379 -0.015327 0.999811 0.845218
0.985514 0.168991 0.0142578 88.4005 -0.169152 0.985529 0.0109677 39.7903 -0.012198 -0.0132206 0.999838 0.848523
0.994326 0.10589 0.0101416 88.872 -0.105987 0.994321 0.00956344 39.7523 -0.00907132 -0.0105841 0.999903 0.84654
0.999219 0.0390914 0.00569022 89.3377 -0.0391232 0.999219 0.00559572 39.7464 -0.00546703 -0.00581397 0.999968 0.857767
0.999529 -0.0306574 0.00148335 89.8429 0.0306459 0.999504 0.00723847 39.7808 -0.00170453 -0.0071896 0.999973 0.836078
0.994931 -0.100534 -0.00221697 90.3365 0.10055 0.994891 0.00903893 39.8561 0.00129692 -0.00921603 0.999957 0.816249
0.985368 -0.170401 -0.00372329 90.7555 0.170429 0.985327 0.00921865 39.962 0.00209779 -0.00971832 0.999951 0.808557
0.971344 -0.237658 -0.00321379 91.1624 0.237675 0.971319 0.00703579 40.1528 0.0014495 -0.00759801 0.99997 0.800315
0.952978 -0.303038 0.000974027 91.5957 0.303022 0.952953 0.00764902 40.3063 -0.00324615 -0.00699419 0.99997 0.813709
0.930665 -0.365833 0.00535858 92.0301 0.365788 0.930666 0.00774547 40.4741 -0.0078206 -0.00524833 0.999956 0.804045
0.90424 -0.426915 0.00964332 92.4543 0.426847 0.904285 0.00833263 40.6769 -0.0122776 -0.00341848 0.999919 0.799668
0.875319 -0.483379 0.0126675 92.8545 0.483284 0.875407 0.00994244 40.9567 -0.0158952 -0.00258082 0.99987 0.820783
0.84526 -0.534071 0.0174446 93.2405 0.533845 0.845429 0.0160967 41.2168 -0.0233449 -0.00429318 0.999718 0.828261
0.816096 -0.577595 0.0192665 93.6091 0.577221 0.816296 0.0218233 41.468 -0.0283322 -0.00668884 0.999576 0.818865
0.790406 -0.61239 0.015398 93.9214 0.612002 0.790501 0.0236949 41.7834 -0.0266827 -0.00930495 0.999601 0.818752
0.766434 -0.642227 0.0111305 94.2744 0.641816 0.766402 0.0264463 42.1108 -0.025515 -0.0131256 0.999588 0.822534
0.744581 -0.667474 0.0088394 94.6121 0.667035 0.744472 0.0287448 42.412 -0.0257671 -0.0155066 0.999548 0.777368
0.729156 -0.684273 0.0100689 94.8898 0.683885 0.729126 0.0260336 42.6893 -0.0251556 -0.0120966 0.99961 0.753094
0.717134 -0.696829 0.0121692 95.2501 0.696535 0.717205 0.0213509 43.0393 -0.0236057 -0.00683519 0.999698 0.739512
0.708261 -0.705862 0.0111846 95.5632 0.705517 0.708292 0.0238271 43.4009 -0.0247406 -0.00898484 0.999654 0.751632
0.701314 -0.712811 0.00775821 95.8979 0.712403 0.701216 0.0279031 43.7701 -0.0253298 -0.0140418 0.999581 0.747119
0.697817 -0.716273 0.00199881 96.2337 0.715865 0.697509 0.031911 44.1441 -0.0242512 -0.0208372 0.999489 0.734293
0.694647 -0.719346 -0.00260773 96.6229 0.71906 0.694258 0.0309747 44.5559 -0.0204711 -0.0233916 0.999517 0.728809
0.695269 -0.718723 -0.00618421 96.9846 0.718592 0.694912 0.0268991 44.967 -0.0150355 -0.023146 0.999619 0.714854
0.696396 -0.717595 -0.0095234 97.3766 0.717539 0.695977 0.0274446 45.35 -0.013066 -0.0259457 0.999578 0.679072
0.699378 -0.714658 -0.0115837 97.7953 0.714686 0.699002 0.0249183 45.7413 -0.00971102 -0.025706 0.999622 0.67251
0.702744 -0.711356 -0.0111348 98.1863 0.711416 0.702497 0.0196086 46.1557 -0.0061265 -0.0217013 0.999746 0.679169
0.706379 -0.707666 -0.0153764 98.6133 0.707808 0.706002 0.0238662 46.6055 -0.0060336 -0.0277421 0.999597 0.67485
0.71062 -0.703333 -0.018477 99.0195 0.703534 0.710046 0.0295585 47.0328 -0.00766995 -0.0340041 0.999392 0.644054
0.714101 -0.699813 -0.0179476 99.4756 0.699977 0.713449 0.0319846 47.4846 -0.00957855 -0.0354031 0.999327 0.635538
0.716813 -0.697159 -0.0121938 99.9366 0.697143 0.716249 0.0312954 47.9192 -0.0130841 -0.0309337 0.999436 0.645682
0.719786 -0.694149 -0.00805289 100.388 0.693971 0.71921 0.0337777 48.3557 -0.0176551 -0.0299012 0.999397 0.614554
0.72219 -0.69169 -0.00257102 100.848 0.691362 0.721722 0.0336863 48.7954 -0.0214449 -0.0261054 0.999429 0.582143
0.721379 -0.692541 2.49465e-05 101.377 0.692303 0.721133 0.0261543 49.2871 -0.0181309 -0.0188499 0.999658 0.58849
0.720966 -0.692967 -0.00218448 101.877 0.69287 0.720804 0.019296 49.7436 -0.0117969 -0.0154253 0.999811 0.598143
0.720557 -0.693374 -0.00552953 102.372 0.693371 0.720442 0.0141184 50.2102 -0.00580561 -0.0140071 0.999885 0.60873
0.718784 -0.695099 -0.0136428 102.822 0.695223 0.718528 0.0195457 50.7303 -0.00378352 -0.0235339 0.999716 0.568718
0.716945 -0.696959 -0.0154436 103.317 0.697115 0.716608 0.0224668 51.2366 -0.00459142 -0.0268734 0.999628 0.56449
0.715665 -0.698337 -0.0122279 103.822 0.698395 0.715297 0.0244038 51.7404 -0.0082955 -0.0260048 0.999627 0.568961
0.713664 -0.700454 -0.00695405 104.361 0.700361 0.71331 0.0261401 52.2595 -0.0133495 -0.0235256 0.999634 0.590183
0.712616 -0.701507 -0.00814635 104.878 0.701431 0.712225 0.0270126 52.8178 -0.0131475 -0.0249637 0.999602 0.575511
0.710737 -0.703374 -0.0108921 105.429 0.70339 0.710366 0.0249621 53.363 -0.0098203 -0.0254028 0.999629 0.576729
0.708594 -0.705479 -0.0139477 105.981 0.705587 0.708243 0.0232376 53.9051 -0.00651528 -0.0263073 0.999633 0.572173
0.705616 -0.708422 -0.0156395 106.52 0.708584 0.705308 0.0212083 54.4761 -0.00399374 -0.0260468 0.999653 0.55748
0.702339 -0.711654 -0.0163728 107.062 0.711837 0.702052 0.0202909 55.0382 -0.00294557 -0.0259059 0.99966 0.551086
0.699508 -0.714467 -0.0150049 107.623 0.714611 0.699214 0.0207335 55.5973 -0.00432173 -0.025226 0.999672 0.541949
0.697773 -0.716213 -0.0123266 108.19 0.716283 0.697459 0.0221272 56.1561 -0.00725049 -0.024269 0.999679 0.542191
0.696759 -0.71726 -0.00802762 108.77 0.71725 0.696522 0.0202365 56.7356 -0.00892343 -0.0198578 0.999763 0.548009
0.696721 -0.717335 -0.00313201 109.347 0.717276 0.696592 0.0165832 57.3204 -0.00971399 -0.0138004 0.999858 0.56042
0.696235 -0.717811 -0.00234064 109.943 0.717729 0.696098 0.0176717 57.9365 -0.0110556 -0.0139836 0.999841 0.546338
0.695886 -0.718148 -0.00250736 110.52 0.718075 0.695755 0.0171234 58.5246 -0.0105527 -0.0137164 0.99985 0.564411
0.697229 -0.716827 -0.00552118 111.083 0.716809 0.697089 0.0158321 59.1634 -0.00750016 -0.0149963 0.999859 0.542638
0.698232 -0.715643 -0.0180784 111.683 0.715836 0.697726 0.0275186 59.7784 -0.00707966 -0.0321556 0.999458 0.519955
0.700282 -0.71356 -0.0208939 112.275 0.713826 0.699634 0.0310665 60.3539 -0.00754973 -0.0366699 0.999299 0.523724
0.702365 -0.711523 -0.0204543 112.853 0.711769 0.701693 0.0318118 60.955 -0.00828215 -0.0369022 0.999285 0.528725
0.703947 -0.709912 -0.0219994 113.439 0.710214 0.703246 0.0322705 61.569 -0.00743824 -0.038341 0.999237 0.520029
0.705054 -0.708809 -0.0220881 114.039 0.709128 0.704424 0.0303993 62.1698 -0.00598793 -0.0370964 0.999294 0.517752
0.706036 -0.707925 -0.0188193 114.644 0.708157 0.705574 0.0260772 62.792 -0.00518232 -0.0317385 0.999483 0.520797
0.706195 -0.70782 -0.0167209 115.249 0.708003 0.705833 0.023059 63.3988 -0.00451951 -0.0281226 0.999594 0.529293
0.70735 -0.706715 -0.0144745 115.881 0.706846 0.707043 0.0213993 64.0078 -0.00488913 -0.0253681 0.999666 0.55703
0.708468 -0.705573 -0.0154903 116.496 0.705708 0.708046 0.0254174 64.63 -0.00696598 -0.0289391 0.999557 0.572057
0.709049 -0.704996 -0.0151797 117.08 0.705075 0.708466 0.0307509 65.2318 -0.010925 -0.0325067 0.999412 0.577078
0.709679 -0.704404 -0.0130577 117.704 0.704348 0.708962 0.0356069 65.8501 -0.0158242 -0.0344667 0.999281 0.577812
0.710374 -0.703637 -0.0162074 118.301 0.70375 0.709776 0.0308962 66.4371 -0.0102361 -0.0333538 0.999391 0.559164
0.710951 -0.702937 -0.0207001 118.883 0.70324 0.710715 0.0183694 67.0239 0.00179934 -0.0276168 0.999617 0.531495
0.710139 -0.70368 -0.0231511 119.488 0.703996 0.710137 0.00976134 67.6153 0.00957162 -0.0232302 0.999684 0.597656
0.709651 -0.704288 -0.0193225 120.082 0.704551 0.709453 0.0168536 68.2025 0.00183864 -0.0255739 0.999671 0.591702
0.708973 -0.705195 -0.00751623 120.696 0.705087 0.708565 0.0280828 68.811 -0.0144781 -0.0252096 0.999577 0.579857
0.707847 -0.706318 0.00824958 121.318 0.705621 0.707589 0.0376429 69.4345 -0.0324252 -0.0208244 0.999257 0.554814
0.707451 -0.706743 0.00513948 121.93 0.706245 0.707193 0.0331093 70.012 -0.0270344 -0.0197935 0.999438 0.509066
0.706075 -0.708111 -0.00608855 122.491 0.708025 0.705785 0.0238295 70.6116 -0.0125767 -0.0211363 0.999698 0.560402
0.70537 -0.708611 -0.0179798 123.089 0.708833 0.705032 0.0220283 71.2124 -0.00293317 -0.0282827 0.999596 0.536394
0.704062 -0.709826 -0.0210443 123.648 0.710135 0.703658 0.0239479 71.7861 -0.00219086 -0.0318051 0.999492 0.536761
0.701382 -0.712626 -0.0150846 124.229 0.712771 0.701077 0.0211582 72.3941 -0.00450243 -0.0255918 0.999662 0.536645
0.699493 -0.714552 -0.0111803 124.799 0.714627 0.699306 0.0167091 73.0026 -0.00412104 -0.0196777 0.999798 0.555513
0.696035 -0.717912 -0.0117236 125.357 0.718004 0.695886 0.0145505 73.5771 -0.00228767 -0.0185453 0.999825 0.576644
0.693799 -0.719974 -0.0167495 125.923 0.720167 0.693553 0.0185333 74.1884 -0.00172684 -0.0249208 0.999688 0.570353
0.691988 -0.721676 -0.0183433 126.47 0.721908 0.691718 0.0193724 74.785 -0.00129225 -0.0266477 0.999644 0.592866
0.690746 -0.722856 -0.0186639 127.043 0.723091 0.690406 0.021874 75.3693 -0.00292611 -0.0286051 0.999586 0.590474
0.689374 -0.724258 -0.0146042 127.6 0.724374 0.689016 0.0232328 75.9791 -0.00676403 -0.026595 0.999623 0.584186
0.688337 -0.7253 -0.0115286 128.15 0.725342 0.688018 0.0225974 76.5674 -0.00845797 -0.0239168 0.999678 0.591316
0.68674 -0.726855 -0.00840621 128.701 0.726883 0.686588 0.0154523 77.1611 -0.00546 -0.0167221 0.999845 0.607411
0.683741 -0.729658 -0.00985478 129.273 0.729722 0.683642 0.0118289 77.7757 -0.00189392 -0.0152792 0.999881 0.598078
0.679194 -0.733896 -0.00957919 129.816 0.733956 0.679103 0.011263 78.3428 -0.00176062 -0.0146805 0.999891 0.603347
0.673597 -0.739075 -0.00601446 130.35 0.73908 0.673497 0.0127445 78.9227 -0.0053684 -0.0130298 0.999901 0.602254
0.670133 -0.742241 0.000158874 130.899 0.742143 0.670048 0.0161049 79.5527 -0.0120601 -0.0106745 0.99987 0.636878
0.666904 -0.745114 0.00657307 131.438 0.744776 0.666827 0.0255191 80.1776 -0.0233977 -0.0121233 0.999653 0.593269
0.663623 -0.748034 0.00705275 131.961 0.747597 0.66351 0.0291982 80.7615 -0.0265208 -0.014104 0.999549 0.612874
0.659984 -0.75127 0.00377169 132.459 0.750916 0.659812 0.0278031 81.3637 -0.0233763 -0.0155174 0.999606 0.58705
0.65427 -0.756261 0.000278862 132.998 0.756149 0.65418 0.0169557 81.9851 -0.0130053 -0.0108827 0.999856 0.620343
0.64925 -0.760564 -0.0041193 133.504 0.760553 0.649181 0.0110868 82.6027 -0.00575803 -0.010331 0.99993 0.614833
0.643895 -0.765104 -0.00373664 134.062 0.765087 0.643825 0.0114682 83.2288 -0.00636865 -0.0102432 0.999927 0.592701
0.638822 -0.769346 -0.00351992 134.53 0.769302 0.638718 0.0146132 83.8713 -0.00899435 -0.0120431 0.999887 0.609917
0.632007 -0.774927 -0.00735816 135.049 0.77492 0.631845 0.0164315 84.5177 -0.00808399 -0.0160868 0.999838 0.59666
0.62498 -0.78051 -0.0142771 135.552 0.780636 0.624806 0.0149812 85.1706 -0.00277258 -0.0205082 0.999786 0.594966
0.618021 -0.785977 -0.0170498 136.05 0.786161 0.617858 0.0141919 85.8099 -0.000620091 -0.0221748 0.999754 0.594234
0.611371 -0.791162 -0.0169521 136.558 0.791342 0.611174 0.0156487 86.4668 -0.00202001 -0.0229821 0.999734 0.60317
0.605088 -0.795963 -0.0176599 137.036 0.796138 0.604765 0.0205908 87.1379 -0.00570945 -0.0265189 0.999632 0.602763
0.59849 -0.800958 -0.0165917 137.533 0.801034 0.597968 0.0279151 87.8119 -0.0124375 -0.0299974 0.999473 0.628071
0.592448 -0.80552 -0.0119918 138.045 0.80541 0.591905 0.0310186 88.4789 -0.0178881 -0.0280352 0.999447 0.582518
0.587447 -0.809181 -0.0114669 138.497 0.80901 0.586851 0.0332822 89.1236 -0.020202 -0.0288284 0.99938 0.577458
0.583337 -0.812158 -0.0107982 138.967 0.811973 0.582766 0.0329095 89.7962 -0.020435 -0.0279652 0.9994 0.551284
0.579586 -0.814732 -0.0170956 139.449 0.814769 0.578964 0.0308533 90.4921 -0.0152394 -0.0318111 0.999378 0.572371
0.577052 -0.816342 -0.0244139 139.903 0.816673 0.576495 0.0264315 91.1285 -0.00750262 -0.0351905 0.999352 0.602537
0.574522 -0.818025 -0.0275688 140.366 0.81847 0.573954 0.0261239 91.8089 -0.00554674 -0.037573 0.999278 0.573304
0.571785 -0.819888 -0.0290915 140.839 0.820366 0.571059 0.0298631 92.5116 -0.00787147 -0.0409409 0.999131 0.581717
0.569393 -0.821658 -0.0258924 141.317 0.821908 0.568386 0.0374654 93.1855 -0.0160668 -0.0426137 0.998962 0.615648
0.567072 -0.82337 -0.0221782 141.753 0.823253 0.565726 0.0469979 93.8826 -0.0261499 -0.0449094 0.998649 0.582724
0.562982 -0.826247 -0.019164 142.223 0.826085 0.561862 0.0435305 94.5664 -0.0251995 -0.040338 0.998868 0.557424
0.558521 -0.829435 -0.00955391 142.675 0.829308 0.55812 0.0273829 95.2318 -0.0173801 -0.023217 0.999579 0.556096
0.553316 -0.832948 -0.00625591 143.094 0.832926 0.553191 0.014602 95.891 -0.008702 -0.0132902 0.999874 0.566749
0.547879 -0.836412 -0.0155852 143.573 0.836531 0.54762 0.0181153 96.6123 -0.00661714 -0.0229625 0.999714 0.591434
0.540988 -0.840857 -0.0170794 144.02 0.84092 0.540478 0.0271413 97.3138 -0.013591 -0.0290455 0.999486 0.558124
0.534492 -0.845104 -0.010864 144.466 0.844941 0.533999 0.030327 98.0197 -0.0198281 -0.0253889 0.999481 0.526184
0.52896 -0.848641 -0.00320735 144.925 0.848324 0.528651 0.029577 98.7315 -0.0234047 -0.0183659 0.999557 0.525008
0.525012 -0.851085 0.00413336 145.37 0.850779 0.524943 0.0246974 99.4251 -0.0231893 -0.00944982 0.999686 0.532545
0.519699 -0.854295 0.00960708 145.807 0.854109 0.519787 0.0178678 100.132 -0.0202581 -0.00108041 0.999794 0.502565
0.51367 -0.857935 0.00950385 146.252 0.857919 0.513737 0.00695302 100.829 -0.0108477 0.00458198 0.999931 0.50401
0.508294 -0.861169 0.0050117 146.688 0.861177 0.508304 0.00112239 101.537 -0.00351403 0.00374545 0.999987 0.526517
0.50187 -0.864943 7.47932e-05 147.116 0.864927 0.50186 0.00615493 102.268 -0.0053612 -0.00302428 0.999981 0.557727
0.497363 -0.867523 0.00577837 147.56 0.867341 0.49738 0.0182154 103.042 -0.0186764 -0.00404788 0.999817 0.553477
0.493086 -0.869924 0.00989484 147.954 0.869563 0.49317 0.0253899 103.797 -0.0269671 -0.00391522 0.999629 0.528177
0.490745 -0.871209 0.012837 148.331 0.870934 0.490912 0.0218806 104.509 -0.0253644 0.000442386 0.999678 0.517687
0.489336 -0.872038 0.00995492 148.753 0.871905 0.489436 0.015311 105.238 -0.0182241 0.00118752 0.999833 0.524554
0.487081 -0.873352 -0.00288829 149.123 0.873318 0.487026 0.0110072 105.958 -0.00820648 -0.00788379 0.999935 0.518472
0.4848 -0.874576 -0.00926902 149.503 0.874621 0.484738 0.0082342 106.694 -0.0027084 -0.0120988 0.999923 0.530281
0.483112 -0.875541 -0.00551355 149.933 0.875535 0.483044 0.0103271 107.45 -0.00637855 -0.00981648 0.999931 0.522031
0.482269 -0.876022 0.00157556 150.315 0.875922 0.48224 0.0142885 108.194 -0.0132769 -0.00551086 0.999897 0.520239
0.482091 -0.876116 0.00290027 150.73 0.875908 0.482044 0.0204685 108.963 -0.0193309 -0.00732733 0.999786 0.504681
0.481075 -0.876668 0.0044557 151.155 0.876459 0.481062 0.0199938 109.728 -0.0196714 -0.00571329 0.99979 0.502815
0.478649 -0.877985 0.00611197 151.532 0.877906 0.478688 0.011757 110.429 -0.0132482 -0.000261758 0.999912 0.484654
0.477544 -0.87858 0.00704775 151.949 0.878605 0.477548 -0.001185 111.167 -0.00232452 0.00675807 0.999974 0.490981
0.476121 -0.879334 0.00897452 152.37 0.879374 0.476055 -0.00860809 111.921 0.00329703 0.0119904 0.999923 0.512067
0.475059 -0.879954 0.0004484 152.755 0.879953 0.475059 0.00147692 112.653 -0.00151264 -0.000307055 0.999999 0.491782
0.473563 -0.880757 -0.0023376 153.145 0.88072 0.473514 0.0108191 113.426 -0.00842212 -0.0071823 0.999939 0.498081
0.47202 -0.88157 0.00550228 153.56 0.881468 0.47205 0.0134993 114.205 -0.0144979 -0.00152184 0.999894 0.503838
0.471064 -0.882023 0.0115601 153.956 0.882006 0.471164 0.00830267 114.951 -0.0127698 0.00628499 0.999899 0.515308
0.471564 -0.881791 0.00847821 154.367 0.881818 0.471589 0.00111114 115.706 -0.00497802 0.00695227 0.999963 0.54802
0.471378 -0.881931 0.000227387 154.735 0.881923 0.471374 0.0043168 116.417 -0.0039143 -0.0018343 0.999991 0.535844
0.470857 -0.88217 -0.00831442 155.105 0.882186 0.470755 0.0117325 117.157 -0.00643603 -0.0128592 0.999897 0.519148
0.470514 -0.882365 -0.00699959 155.494 0.882336 0.470379 0.0150387 117.922 -0.00997713 -0.0132519 0.999862 0.523212
0.470139 -0.882576 -0.00529326 155.884 0.882489 0.469984 0.0181182 118.679 -0.013503 -0.0131893 0.999822 0.529864
0.469715 -0.882793 -0.00660573 156.271 0.88272 0.469538 0.0184337 119.438 -0.0131715 -0.0144896 0.999808 0.536086
0.469444 -0.882958 -0.00270334 156.684 0.88292 0.469389 0.0112311 120.177 -0.00864764 -0.00765918 0.999933 0.56651
0.468282 -0.883558 -0.00613623 157.044 0.883568 0.468232 0.00813928 120.88 -0.00431835 -0.00923326 0.999948 0.564171
0.467588 -0.88391 -0.00797207 157.402 0.883937 0.467524 0.0086844 121.611 -0.0039491 -0.0111075 0.999931 0.571815
0.465926 -0.884793 -0.00736078 157.78 0.884738 0.465749 0.0177774 122.361 -0.012301 -0.0147953 0.999815 0.549027
0.464059 -0.885802 -0.00215045 158.128 0.885521 0.463848 0.0264112 123.046 -0.0223976 -0.0141606 0.999649 0.53675
0.463354 -0.886123 0.00944449 158.525 0.885865 0.463447 0.02146 123.727 -0.0233932 -0.00157702 0.999725 0.567542
0.463083 -0.886228 0.0124241 158.824 0.886106 0.463232 0.0152126 124.353 -0.0192371 0.00396435 0.999807 0.56417
0.463618 -0.88599 0.00896385 159.181 0.88594 0.463693 0.00995452 125.039 -0.0129761 0.00332634 0.99991 0.559376
0.464169 -0.885729 0.00555313 159.534 0.885719 0.464194 0.00496369 125.716 -0.00697422 0.00261453 0.999972 0.56055
0.464965 -0.885321 0.0038822 159.889 0.885326 0.46497 0.000494856 126.353 -0.00224321 0.00320692 0.999992 0.549454
0.466527 -0.884495 0.00458794 160.221 0.884507 0.466515 -0.0033993 126.962 0.000866321 0.00564393 0.999984 0.554743
0.470481 -0.882365 0.00889698 160.527 0.88241 0.470446 -0.00585002 127.564 0.00097631 0.0106031 0.999943 0.577077
0.476845 -0.878929 0.0101103 160.824 0.878976 0.476866 -0.000316368 128.147 -0.00454321 0.00903759 0.999949 0.605636
0.48228 -0.875975 0.00860672 161.143 0.875938 0.482346 0.0087039 128.7 -0.0117758 0.00334123 0.999925 0.603876
0.486397 -0.873662 0.0115212 161.435 0.873574 0.486519 0.0129787 129.277 -0.0169443 0.00375186 0.999849 0.606888
0.492111 -0.870501 0.00743159 161.762 0.870378 0.492167 0.0146472 129.849 -0.016408 -0.00073975 0.999865 0.582985
0.498855 -0.866679 0.00339499 162.11 0.866645 0.498866 0.00766996 130.427 -0.00834103 -0.000883951 0.999965 0.571196
0.505361 -0.862908 -0.000460776 162.453 0.862908 0.505361 0.000384959 130.997 -9.93255e-05 -0.00059215 1 0.565794
0.511933 -0.859011 -0.00504861 162.771 0.859012 0.511949 -0.0025 131.575 0.00473215 -0.00305699 0.999984 0.59885
0.517775 -0.855495 -0.00606516 163.061 0.855513 0.517782 0.000576266 132.123 0.00264743 -0.0054872 0.999981 0.592458
0.522766 -0.852461 -0.00505937 163.398 0.852474 0.522742 0.0052765 132.672 -0.00185327 -0.00707136 0.999973 0.605877
