0.50502 -0.862377 0.0355041 0.712368 0.86278 0.505535 0.00678203 0.541586 -0.0237972 0.0272072 0.999346 0.771262
0.503284 -0.863434 0.0344723 1.10884 0.863827 0.503753 0.00602725 1.30435 -0.0225697 0.0267447 0.999387 0.773325
0.501544 -0.864485 0.0334437 1.5053 0.864869 0.501971 0.00526827 2.0671 -0.0213421 0.0262822 0.999427 0.775387
0.499803 -0.865533 0.0324186 1.90167 0.865906 0.500187 0.00450526 2.82967 -0.0201148 0.0258197 0.999464 0.777447
0.498057 -0.866575 0.0313963 2.29814 0.866938 0.498401 0.00373787 3.59243 -0.0188871 0.025357 0.9995 0.779506
0.49631 -0.867614 0.0303774 2.69459 0.867966 0.496615 0.00296635 4.35515 -0.0176595 0.0248943 0.999534 0.781563
0.494559 -0.868648 0.0293618 3.09096 0.868988 0.494827 0.00219082 5.1177 -0.0164321 0.0244316 0.999566 0.783619
0.492806 -0.869677 0.0283495 3.48735 0.870006 0.493038 0.00141111 5.88029 -0.0152046 0.0239688 0.999597 0.785673
0.49105 -0.870703 0.0273402 3.8838 0.871019 0.491248 0.000627138 6.64299 -0.0139769 0.0235059 0.999626 0.787726
0.48929 -0.871724 0.0263339 4.28035 0.872028 0.489456 -0.000161165 7.40588 -0.0127488 0.0230428 0.999653 0.789778
0.487528 -0.87274 0.0253312 4.67682 0.873031 0.487663 -0.00095341 8.1686 -0.011521 0.0225798 0.999679 0.791828
0.485763 -0.873752 0.024332 5.07318 0.87403 0.485869 -0.00174955 8.93112 -0.0102935 0.0221168 0.999702 0.793876
0.483996 -0.874759 0.0233359 5.46963 0.875023 0.484074 -0.00254997 9.69381 -0.00906569 0.0216536 0.999724 0.795923
0.482225 -0.875762 0.0223431 5.86608 0.876012 0.482277 -0.00335446 10.4565 -0.00783787 0.0211904 0.999745 0.797969
0.480565 -0.87665 0.0232866 6.26186 0.876925 0.48061 -0.00401009 11.2161 -0.0076763 0.0223477 0.999721 0.798883
0.478683 -0.87775 0.0204598 6.65878 0.877971 0.478688 -0.00496788 11.9814 -0.0054333 0.0203412 0.999778 0.802002
0.477284 -0.878556 0.0184031 7.05839 0.878745 0.477243 -0.00686302 12.7542 -0.00275319 0.0194472 0.999807 0.805038
0.475569 -0.879562 0.0143053 7.45806 0.879678 0.475521 -0.0068145 13.5391 -0.000808696 0.0158249 0.999874 0.809495
0.474329 -0.880248 0.0132121 7.86512 0.880347 0.474292 -0.00604467 14.3318 -0.000945582 0.0144984 0.999894 0.813763
0.472888 -0.881008 0.0142354 8.27619 0.881119 0.472871 -0.00474069 15.1327 -0.00255493 0.0147849 0.999887 0.819102
0.471519 -0.881732 0.0147828 8.69297 0.881847 0.471523 -0.00340713 15.9377 -0.00396623 0.0146427 0.999885 0.823065
0.470459 -0.882287 0.0154489 9.10905 0.882411 0.47047 -0.00315605 16.749 -0.00448371 0.0151171 0.999876 0.825414
0.468958 -0.883093 0.0150211 9.52871 0.883212 0.468959 -0.0036732 17.5623 -0.0038005 0.0149894 0.99988 0.827582
0.468012 -0.88358 0.0158237 9.94936 0.883718 0.467989 -0.00541075 18.3786 -0.00262447 0.016516 0.99986 0.830053
0.467262 -0.883958 0.016851 10.3751 0.88411 0.467258 -0.00440531 19.2024 -0.00397967 0.0169566 0.999848 0.832146
0.467129 -0.884019 0.0173616 10.8009 0.884154 0.467196 -0.000274735 20.0347 -0.00786838 0.0154786 0.999849 0.836928
0.467689 -0.8837 0.0184801 11.2302 0.883817 0.467821 0.00335548 20.8692 -0.0116106 0.0147637 0.999824 0.842305
0.468863 -0.88303 0.0206372 11.6646 0.883155 0.469052 0.00525927 21.7063 -0.014324 0.01576 0.999773 0.842861
0.470097 -0.882356 0.021373 12.1006 0.882479 0.470312 0.00615442 22.5462 -0.0154824 0.015968 0.999753 0.839286
0.47122 -0.881788 0.02003 12.5381 0.881917 0.471386 0.00429228 23.3877 -0.0132268 0.0156422 0.99979 0.834485
0.472196 -0.881337 0.0166164 12.9777 0.881456 0.472266 0.000316469 24.2336 -0.0081263 0.0144972 0.999862 0.831058
0.473348 -0.880743 0.0152862 13.4224 0.880864 0.47336 -0.00306271 25.0837 -0.00453841 0.0149148 0.999878 0.829116
0.474016 -0.880337 0.0177972 13.8738 0.880499 0.474035 -0.00340213 25.941 -0.00544148 0.0172831 0.999836 0.830019
0.47371 -0.880411 0.0217918 14.3288 0.880621 0.473821 -0.000107113 26.8054 -0.0102311 0.0192411 0.999763 0.830023
0.472828 -0.880752 0.026643 14.7856 0.881038 0.47304 0.00194493 27.6729 -0.0143162 0.0225539 0.999643 0.829393
0.471953 -0.880993 0.0333507 15.2489 0.881509 0.472164 -0.00172676 28.5358 -0.0142257 0.0302139 0.999442 0.824123
0.470705 -0.881635 0.0340171 15.7064 0.882231 0.470771 -0.00652686 29.4029 -0.01026 0.0330832 0.9994 0.816705
0.469498 -0.882378 0.0313101 16.1598 0.882914 0.469427 -0.0100568 30.2772 -0.0058239 0.0323657 0.999459 0.813485
0.467851 -0.883298 0.0300035 16.6225 0.883797 0.467738 -0.0111058 31.1752 -0.004224 0.0317128 0.999488 0.823068
0.466834 -0.883798 0.0311064 17.1056 0.884322 0.466785 -0.0092602 32.1167 -0.00633585 0.0318311 0.999473 0.856401
0.465799 -0.884386 0.0298722 17.5792 0.884841 0.465866 -0.00510241 33.0496 -0.0094039 0.0288088 0.999541 0.882012
0.464629 -0.884993 0.030127 18.0538 0.885444 0.464729 -0.00401181 33.9809 -0.0104505 0.0285398 0.999538 0.905798
0.463646 -0.885495 0.0305236 18.5245 0.885931 0.463814 -0.00173826 34.9031 -0.0126181 0.0278478 0.999533 0.920425
0.463423 -0.885526 0.0329029 18.9959 0.885985 0.463712 0.00131853 35.8286 -0.0164251 0.0285404 0.999458 0.934712
0.462932 -0.885929 0.0286987 19.452 0.886209 0.463255 0.00543462 36.7462 -0.0181095 0.0229172 0.999573 0.938753
0.462953 -0.885937 0.0281228 19.9111 0.886189 0.463282 0.00620278 37.6621 -0.0185241 0.0220505 0.999585 0.942376
0.46288 -0.885992 0.0275842 20.3684 0.886261 0.463164 0.00460866 38.5659 -0.0168593 0.0223135 0.999609 0.940487
0.463145 -0.885952 0.0242028 20.8185 0.88617 0.463349 0.00327668 39.4675 -0.0141173 0.0199302 0.999702 0.943239
0.462366 -0.886363 0.0240424 21.2719 0.886582 0.462561 0.00300533 40.3619 -0.0137849 0.019926 0.999706 0.950033
0.461154 -0.886922 0.0265771 21.7277 0.887189 0.461394 0.00338187 41.2543 -0.0152619 0.0220193 0.999641 0.954375
0.460352 -0.88733 0.0268639 22.1761 0.887589 0.460617 0.00431695 42.1453 -0.0162045 0.0218567 0.99963 0.961055
0.460141 -0.887535 0.0235066 22.6155 0.887731 0.460346 0.00388124 43.0307 -0.0142659 0.0190816 0.999716 0.966068
0.459651 -0.887864 0.0204658 23.0523 0.888053 0.45974 -0.000399462 43.9089 -0.00905427 0.0183583 0.99979 0.968634
0.459248 -0.888094 0.019517 23.4934 0.888273 0.459314 -0.00121411 44.7876 -0.0078862 0.017894 0.999809 0.970614
0.458886 -0.888239 0.0213241 23.9372 0.888427 0.459015 0.00132014 45.666 -0.0109607 0.0183392 0.999772 0.979853
0.458531 -0.88832 0.0252141 24.379 0.888568 0.458737 0.00272737 46.5388 -0.0139894 0.0211538 0.999678 0.983854
0.458249 -0.888417 0.0268981 24.8173 0.888697 0.458485 0.00300995 47.4076 -0.0150065 0.022525 0.999634 0.986364
0.458141 -0.888401 0.0291571 25.2537 0.888766 0.45836 0.000960606 48.2678 -0.0142179 0.0254737 0.999574 0.985801
0.457725 -0.888543 0.0313008 25.6945 0.889006 0.45789 -0.00209638 49.1271 -0.0124696 0.0287862 0.999508 0.984418
0.456669 -0.889023 0.0330363 26.1287 0.88954 0.456852 -0.00220577 49.9837 -0.0131317 0.0303944 0.999452 0.983406
0.455556 -0.889412 0.0376093 26.5658 0.890038 0.455886 0.000222034 50.8437 -0.017343 0.0333726 0.999292 0.980089
0.454854 -0.889582 0.0418448 26.9967 0.890275 0.455403 0.0041447 51.7056 -0.0227433 0.0353682 0.999116 0.972144
0.454281 -0.889879 0.0417669 27.418 0.890507 0.45492 0.00677398 52.5621 -0.0250286 0.0341165 0.999104 0.963807
0.453043 -0.890625 0.0392323 27.8378 0.891203 0.453573 0.00535717 53.4067 -0.022566 0.0325369 0.999216 0.957358
0.45201 -0.891361 0.0341054 28.2538 0.891895 0.452241 -0.00105802 54.2352 -0.0144808 0.0308967 0.999418 0.950742
0.451231 -0.891887 0.0304644 28.6667 0.892368 0.45127 -0.00598573 55.0549 -0.00840908 0.0298864 0.999518 0.949053
0.450045 -0.892618 0.0263001 29.0673 0.892959 0.450128 -0.00301713 55.8761 -0.00914528 0.0248428 0.99965 0.951563
0.449159 -0.893112 0.0246607 29.4658 0.893373 0.449315 0.000907575 56.685 -0.011891 0.0216235 0.999695 0.959456
0.447878 -0.893798 0.0230344 29.8565 0.893989 0.448072 0.00382902 57.4813 -0.0137435 0.0188776 0.999727 0.967446
0.446794 -0.894354 0.0225002 30.2418 0.894544 0.446968 0.00311507 58.2627 -0.0128428 0.0187356 0.999742 0.970021
0.445318 -0.895111 0.0216298 30.6186 0.89527 0.445503 0.00440795 59.0344 -0.0135817 0.0174016 0.999756 0.972677
0.443951 -0.895809 0.020807 30.989 0.895938 0.444144 0.00553715 59.7943 -0.0142016 0.0161836 0.999768 0.977427
0.442482 -0.896523 0.0213889 31.3547 0.89665 0.442695 0.00631708 60.5423 -0.0151322 0.0163832 0.999751 0.981002
0.441153 -0.897158 0.0221658 31.7151 0.897293 0.441385 0.00668022 61.2796 -0.0157769 0.0169423 0.999732 0.982257
0.439833 -0.897828 0.0212625 32.0652 0.897899 0.440096 0.009632 62.0063 -0.0180054 0.0148552 0.999728 0.983878
0.438648 -0.898394 0.0218323 32.4101 0.898378 0.438989 0.0143436 62.7261 -0.0224703 0.0133219 0.999659 0.983853
0.436914 -0.899266 0.020642 32.751 0.89917 0.437262 0.0171682 63.4277 -0.0244647 0.0110597 0.99964 0.987327
0.435588 -0.899999 0.0162684 33.0743 0.899898 0.435821 0.015592 64.1111 -0.0211229 0.00784821 0.999746 0.991282
0.434618 -0.900536 0.0119226 33.3901 0.90051 0.434731 0.00955262 64.7743 -0.0137856 0.00658466 0.999883 0.995534
0.43336 -0.901165 0.0100176 33.6974 0.901184 0.433416 0.00419068 65.4203 -0.0081183 0.00721165 0.999941 0.99675
0.432949 -0.901381 0.00827237 33.9955 0.901401 0.43298 0.00234436 66.053 -0.00569494 0.00644174 0.999963 1.00224
0.432221 -0.901735 0.00770757 34.2831 0.901725 0.432268 0.00607215 66.6698 -0.00880721 0.00432559 0.999952 1.01407
0.431014 -0.902307 0.00832684 34.5644 0.902265 0.43108 0.0093422 67.2661 -0.0120191 0.0034864 0.999922 1.03148
0.429868 -0.902842 0.00952912 34.8396 0.902843 0.42993 0.00580331 67.8385 -0.00933633 0.00610865 0.999938 1.04338
0.42986 -0.902785 0.0141517 35.1125 0.902884 0.429881 -0.00172662 68.3899 -0.00452479 0.0135196 0.999898 1.05275
0.430764 -0.902334 0.0153412 35.3733 0.902464 0.430681 -0.00849074 68.9261 0.00105433 0.0175024 0.999846 1.06496
0.433308 -0.901141 0.0137773 35.6232 0.901244 0.433224 -0.00870676 69.4546 0.00187737 0.0161894 0.999867 1.07727
0.436694 -0.899553 0.0101459 35.8657 0.899609 0.436682 -0.00348129 69.974 -0.00129892 0.0106476 0.999942 1.09146
0.440705 -0.897562 0.0127338 36.1121 0.89764 0.440727 -0.00119749 70.4738 -0.0045373 0.0119581 0.999918 1.10219
0.445267 -0.895205 0.0185749 36.3648 0.895356 0.44535 0.000340282 70.9566 -0.00857696 0.0164797 0.999827 1.11411
0.452154 -0.891609 0.0243031 36.6129 0.891845 0.452335 0.00226452 71.4268 -0.0130122 0.0206507 0.999702 1.1266
0.461278 -0.88698 0.0221267 36.8498 0.88716 0.461451 0.00315721 71.8826 -0.0130108 0.0181736 0.99975 1.13452
0.474135 -0.880286 0.0170924 37.0773 0.880356 0.474281 0.0055673 72.3304 -0.0130074 0.0124077 0.999838 1.14124
0.489774 -0.871752 0.0130602 37.3097 0.871736 0.489897 0.00877715 72.7607 -0.0140496 0.00708621 0.999876 1.14645
0.508188 -0.861129 0.0141989 37.5546 0.861115 0.508329 0.00909049 73.1674 -0.0150458 0.0076072 0.999858 1.14894
0.529879 -0.847886 0.0178119 37.8086 0.847909 0.530073 0.00855287 73.5538 -0.0166935 0.0105709 0.999805 1.15305
0.553939 -0.832316 0.0200388 38.0688 0.832341 0.554183 0.00946649 73.9263 -0.0189843 0.0114352 0.999754 1.15631
0.580416 -0.81404 0.0213811 38.3365 0.814039 0.580705 0.0110241 74.2863 -0.0213902 0.0110065 0.999711 1.15845
0.609773 -0.792268 0.0221172 38.6152 0.792239 0.61009 0.0121427 74.6291 -0.0231138 0.0101178 0.999682 1.15838
0.641585 -0.766729 0.0222424 38.9034 0.766673 0.64191 0.0128038 74.9564 -0.0240947 0.00883793 0.999671 1.15594
0.675202 -0.737279 0.0228317 39.2037 0.737202 0.675542 0.0132873 75.2619 -0.0252202 0.00786001 0.999651 1.155
0.710393 -0.703498 0.0208086 39.513 0.703373 0.710682 0.0140418 75.544 -0.0246667 0.004661 0.999685 1.15647
0.747152 -0.664378 0.0191339 39.8338 0.664251 0.747392 0.0132648 75.8016 -0.0231134 0.00279893 0.999729 1.15688
0.784168 -0.620273 0.0185068 40.165 0.620148 0.784384 0.012545 76.0328 -0.0222978 0.00163962 0.99975 1.15316
0.82016 -0.571861 0.0176762 40.5048 0.571728 0.82035 0.0123397 76.2377 -0.0215572 -1.45333e-05 0.999768 1.14645
0.854501 -0.519177 0.0168189 40.8521 0.519048 0.854666 0.0116326 76.4156 -0.020414 -0.00121026 0.999791 1.13885
0.886216 -0.462951 0.017243 41.2084 0.462865 0.886384 0.00890949 76.5625 -0.0194086 8.54516e-05 0.999812 1.1332
0.91411 -0.40509 0.0174733 41.5685 0.405008 0.914277 0.00817745 76.6862 -0.019288 -0.000398272 0.999814 1.13159
0.938021 -0.346022 0.0196061 41.9351 0.345923 0.938226 0.00834818 76.787 -0.0212836 -0.00104857 0.999773 1.1293
0.957908 -0.286232 0.021983 42.3095 0.286058 0.958152 0.0107739 76.8648 -0.0241469 -0.00403206 0.9997 1.12305
0.973808 -0.226135 0.0236832 42.6849 0.225932 0.974082 0.010957 76.9175 -0.0255472 -0.00531921 0.999659 1.11499
0.985751 -0.166518 0.0237963 43.0639 0.166369 0.98603 0.00810082 76.9398 -0.0248128 -0.00402643 0.999684 1.10598
0.993769 -0.108801 0.0241835 43.4401 0.108776 0.994063 0.00235731 76.9388 -0.0242964 0.000287963 0.999705 1.09833
0.998289 -0.0534752 0.0236633 43.8143 0.0533979 0.998566 0.00388742 76.9256 -0.0238372 -0.0026172 0.999712 1.09345
0.999726 0.000700234 0.0233924 44.1908 -0.000901151 0.999963 0.00857954 76.9 -0.0233855 -0.00859827 0.99969 1.08715
0.998427 0.0513613 0.0225048 44.5671 -0.0516055 0.998613 0.0104046 76.8541 -0.0219392 -0.0115496 0.999693 1.08018
0.995 0.0975045 0.0216142 44.9373 -0.0976229 0.995213 0.00449212 76.7803 -0.0210727 -0.0065797 0.999756 1.07241
0.989938 0.139744 0.0222327 45.3101 -0.139551 0.990164 -0.0100372 76.6792 -0.0234167 0.00683357 0.999702 1.06085
0.983969 0.176771 0.0236049 45.6809 -0.176421 0.984182 -0.016183 76.576 -0.0260923 0.0117592 0.99959 1.05135
0.977418 0.210212 0.0215639 46.0551 -0.209961 0.977619 -0.013331 76.479 -0.0238836 0.00850241 0.999679 1.04425
0.970272 0.241178 0.0201108 46.432 -0.241197 0.970475 -0.00154721 76.3852 -0.0198902 -0.00334945 0.999797 1.04434
0.962809 0.269513 0.0190298 46.8095 -0.269661 0.962939 0.00564699 76.2739 -0.0168026 -0.0105686 0.999803 1.04784
0.955514 0.294455 0.0169702 47.1905 -0.294583 0.95561 0.00549768 76.1382 -0.0145981 -0.0102522 0.999841 1.04678
0.94818 0.317448 0.0134872 47.5718 -0.317486 0.948263 0.000724108 75.9837 -0.0125595 -0.00496857 0.999909 1.04242
0.94152 0.336934 0.00383876 47.9578 -0.336915 0.941523 -0.00477382 75.812 -0.00522274 0.00320131 0.999981 1.02263
0.934693 0.35543 -0.00438652 48.3529 -0.355446 0.93469 -0.00358807 75.6423 0.00282473 0.00491292 0.999984 1.00444
0.928186 0.372088 -0.00458592 48.7666 -0.372094 0.928195 -0.000557145 75.467 0.00404932 0.00222353 0.999989 0.999331
0.922286 0.386504 0.00167935 49.1952 -0.386505 0.922287 0.000442812 75.2782 -0.0013777 -0.00105748 0.999999 1.005
0.91649 0.400022 0.00527562 49.6257 -0.400023 0.916505 -0.000873649 75.0731 -0.00518461 -0.00130968 0.999986 1.01048
0.910944 0.412478 0.00659334 50.0616 -0.412463 0.910967 -0.00353964 74.8546 -0.00746634 0.000504901 0.999972 1.01267
0.90594 0.423367 0.00577645 50.5039 -0.423326 0.90595 -0.00711225 74.623 -0.00824427 0.00399795 0.999958 1.01054
0.901426 0.432916 0.0038176 50.9577 -0.432865 0.901407 -0.00966894 74.3812 -0.00762704 0.00706333 0.999946 1.00849
0.897647 0.44071 0.00223751 51.4246 -0.440661 0.897604 -0.01123 74.1306 -0.00695757 0.00909459 0.999934 1.00687
0.894941 0.446182 0.00121058 51.9058 -0.446134 0.894878 -0.0125573 73.87 -0.00668617 0.010698 0.99992 1.00372
0.892315 0.451414 -0.000414951 52.4007 -0.451379 0.892233 -0.0132829 73.6014 -0.00562584 0.0120398 0.999912 0.998118
0.889428 0.457074 -0.00139389 52.9131 -0.457051 0.889345 -0.0130421 73.3224 -0.00472156 0.0122371 0.999914 0.990782
0.887265 0.461253 -0.00249977 53.4422 -0.461235 0.88715 -0.0150448 73.0299 -0.00472177 0.0145017 0.999884 0.985647
0.885608 0.464423 -0.00316325 53.9803 -0.464408 0.885466 -0.0165855 72.7235 -0.00490176 0.0161573 0.999857 0.979512
0.883972 0.467527 -0.00332678 54.5366 -0.467509 0.883812 -0.0176289 72.4092 -0.00530173 0.0171387 0.999839 0.97449
0.882472 0.470351 -0.0035266 55.105 -0.470327 0.882283 -0.0192181 72.0806 -0.00592781 0.0186181 0.999809 0.968526
0.881764 0.471659 -0.00544906 55.6864 -0.471651 0.881479 -0.0232392 71.7426 -0.00615774 0.0230615 0.999715 0.962089
0.881821 0.47153 -0.00713158 56.2795 -0.471541 0.881437 -0.0267935 71.3939 -0.00634791 0.02699 0.999616 0.954161
0.882598 0.470059 -0.00803764 56.8923 -0.470084 0.882156 -0.0286666 71.0417 -0.00638456 0.0290795 0.999557 0.946798
0.884037 0.467319 -0.00953922 57.5212 -0.467379 0.883523 -0.03073 70.6849 -0.0059326 0.0316249 0.999482 0.940143
0.885769 0.464022 -0.00985964 58.1669 -0.464089 0.885224 -0.0316099 70.3217 -0.00593969 0.0325748 0.999452 0.933883
0.88752 0.460681 -0.00907652 58.8322 -0.460709 0.886911 -0.0336883 69.9576 -0.00746949 0.0340807 0.999391 0.931428
0.889304 0.457249 -0.0078632 59.512 -0.457232 0.888677 -0.0345282 69.5911 -0.00880015 0.0343014 0.999373 0.929488
0.891152 0.45368 -0.00465068 60.2115 -0.453572 0.8906 -0.0332324 69.2246 -0.010935 0.0317246 0.999437 0.925138
0.892964 0.450118 -0.00308567 60.917 -0.449967 0.89244 -0.0328716 68.8565 -0.0120423 0.0307416 0.999455 0.919639
0.894754 0.446551 -0.0026992 61.6324 -0.44642 0.894306 -0.0304281 68.4896 -0.0111738 0.0284306 0.999533 0.91605
0.896258 0.443509 -0.00452746 62.3518 -0.44346 0.895881 -0.0272158 68.1245 -0.00801441 0.0264002 0.999619 0.914986
0.896887 0.4422 -0.0073302 63.0776 -0.442255 0.896671 -0.0197674 67.7625 -0.00216837 0.020971 0.999778 0.91415
0.896741 0.44247 -0.00868852 63.8062 -0.442555 0.896597 -0.016114 67.3938 0.000660128 0.0182952 0.999832 0.913651
0.896771 0.442427 -0.0077292 64.5381 -0.442494 0.896664 -0.0138651 67.0233 0.000796214 0.0158539 0.999874 0.920904
0.896735 0.44255 -0.00391315 65.272 -0.442563 0.896651 -0.0124756 66.6528 -0.00201234 0.0129191 0.999915 0.9322
0.896665 0.442693 -0.00372975 66.0014 -0.442701 0.896569 -0.013429 66.2784 -0.00260096 0.0136925 0.999903 0.940866
0.896743 0.442549 -0.00169503 66.7315 -0.442536 0.896669 -0.012117 65.9048 -0.0038425 0.011616 0.999925 0.950305
0.8966 0.442841 -0.000802178 67.4593 -0.442823 0.896545 -0.0106759 65.5299 -0.00400853 0.00992723 0.999943 0.962965
0.896632 0.442777 -0.000283848 68.1859 -0.442764 0.896602 -0.00809987 65.1603 -0.00333193 0.00738828 0.999967 0.971807
0.896103 0.443845 0.000117461 68.9114 -0.443839 0.896093 -0.00494368 64.7907 -0.00229949 0.00437792 0.999988 0.98012
0.894887 0.446291 0.0015705 69.6365 -0.446287 0.894887 -0.00238076 64.4211 -0.00246793 0.00142961 0.999996 0.988964
0.893168 0.449705 0.00407367 70.3597 -0.449707 0.893176 -0.000547683 64.0481 -0.0038848 -0.00134278 0.999992 0.998269
0.890962 0.454016 0.00744037 71.0824 -0.454031 0.890986 0.000273789 63.6718 -0.00650496 -0.00362209 0.999972 1.00879
0.888063 0.459598 0.0106591 71.8008 -0.459634 0.888108 0.00111529 63.2894 -0.00895388 -0.00588975 0.999943 1.01777
0.884616 0.466183 0.0113023 72.5113 -0.466229 0.884662 0.00172546 62.9013 -0.00919434 -0.00679583 0.999935 1.02509
0.880521 0.473882 0.0108824 73.2136 -0.473936 0.880555 0.0028671 62.5101 -0.00822384 -0.00768208 0.999937 1.0303
0.875687 0.482772 0.0101297 73.909 -0.482821 0.875714 0.0029231 62.1086 -0.00745955 -0.00745056 0.999944 1.03494
0.87068 0.491739 0.010435 74.5978 -0.491781 0.870717 0.00175286 61.7029 -0.00822397 -0.00665791 0.999944 1.041
0.8653 0.501103 0.0123362 75.2786 -0.501161 0.865352 0.00196827 61.2946 -0.00968888 -0.00788559 0.999922 1.04743
0.859634 0.510755 0.0125957 75.9533 -0.510804 0.859697 0.000765655 60.8765 -0.0104374 -0.00709211 0.99992 1.05002
0.853883 0.520312 0.0126059 76.6184 -0.520359 0.853947 0.000536795 60.4535 -0.0104855 -0.00701796 0.99992 1.05255
0.84805 0.529776 0.0121735 77.274 -0.529824 0.848107 0.000893767 60.0281 -0.00985092 -0.00720776 0.999925 1.05601
0.842287 0.538906 0.0115776 77.922 -0.538959 0.84233 0.00186268 59.598 -0.00874834 -0.00780875 0.999931 1.0589
0.836642 0.547649 0.0105071 78.5591 -0.547695 0.836676 0.00194065 59.1646 -0.00772822 -0.0073783 0.999943 1.06138
0.831328 0.555699 0.00961705 79.1851 -0.555737 0.831356 0.00175505 58.7285 -0.00701991 -0.00680358 0.999952 1.06497
0.825912 0.563726 0.00907351 79.8002 -0.563761 0.825937 0.0015821 58.2891 -0.00660227 -0.00642196 0.999958 1.07012
0.820487 0.571596 0.00884968 80.4066 -0.571627 0.820512 0.00125124 57.85 -0.00654607 -0.00608535 0.99996 1.07415
0.81544 0.578779 0.00848566 81.0015 -0.578801 0.815469 8.59601e-05 57.4077 -0.00687004 -0.0049816 0.999964 1.0794
0.811016 0.584957 0.00883114 81.5873 -0.584966 0.811056 -0.00187593 56.9648 -0.00825989 -0.0036445 0.999959 1.08481
0.807808 0.589382 0.00867291 82.1616 -0.58936 0.807854 -0.00509857 56.5233 -0.0100114 -0.000992799 0.999949 1.09204
0.805348 0.59274 0.00859273 82.7303 -0.592679 0.805392 -0.00871525 56.0827 -0.0120864 0.00192609 0.999925 1.09539
0.803554 0.595168 0.00872433 83.29 -0.595077 0.803593 -0.0110433 55.649 -0.0135834 0.00368226 0.999901 1.09725
0.802451 0.596648 0.00906671 83.8368 -0.596544 0.802492 -0.0118776 55.2258 -0.0143627 0.00412247 0.999888 1.09894
0.801807 0.597518 0.00882531 84.374 -0.59741 0.801843 -0.0122068 54.8097 -0.0143703 0.0045152 0.999887 1.09993
0.802159 0.597064 0.00737066 84.896 -0.596961 0.802174 -0.0123962 54.4037 -0.0133139 0.00554377 0.999896 1.10079
0.803792 0.594883 0.00574245 85.4053 -0.594787 0.803784 -0.0126595 54.0102 -0.0121466 0.0067601 0.999903 1.1019
0.806624 0.591044 0.00494145 85.9044 -0.590957 0.806609 -0.0123398 53.6322 -0.0112792 0.00703338 0.999912 1.10364
0.811067 0.584934 0.00477193 86.3918 -0.584857 0.811055 -0.0115412 53.2731 -0.0106212 0.00656983 0.999922 1.10632
0.817271 0.576232 0.00489457 86.8683 -0.576163 0.817265 -0.0106769 52.9303 -0.0101526 0.00590589 0.999931 1.11026
0.824868 0.565305 0.00485421 87.3322 -0.565239 0.824862 -0.0103981 52.606 -0.00988212 0.00583324 0.999934 1.11498
0.834152 0.551519 0.00416128 87.787 -0.551471 0.834147 -0.00890796 52.3061 -0.00838402 0.00513577 0.999952 1.11934
0.845233 0.534392 0.00236268 88.2423 -0.534368 0.845225 -0.00666431 52.0239 -0.00555835 0.00437036 0.999975 1.12735
0.857705 0.514142 0.000253802 88.6982 -0.514137 0.857699 -0.00384318 51.7574 -0.00219362 0.00316582 0.999993 1.1357
0.871652 0.490125 -0.000804 89.1585 -0.490126 0.87165 -0.00188358 51.5035 -0.000222384 0.00203589 0.999998 1.14246
0.887029 0.461714 -0.000495813 89.6251 -0.461715 0.887028 -0.00108784 51.2659 -6.24734e-05 0.00119387 0.999999 1.14951
0.903569 0.42844 0.00130972 90.0971 -0.428437 0.903569 -0.00195541 51.0467 -0.0020212 0.00120572 0.999997 1.15707
0.920583 0.390519 0.00465931 90.5764 -0.390511 0.920595 -0.00258072 50.8515 -0.00529715 0.000556252 0.999986 1.16574
0.937074 0.349002 0.00952013 91.0601 -0.348992 0.937122 -0.00276528 50.682 -0.00988661 -0.000731178 0.999951 1.17404
0.952783 0.303323 0.0141407 91.5514 -0.303339 0.952882 -0.00104164 50.5352 -0.0137904 -0.00329696 0.9999 1.18235
0.967247 0.253282 0.0167878 92.0425 -0.253335 0.967378 0.00112241 50.4239 -0.0159559 -0.0053386 0.999858 1.19136
0.979909 0.198713 0.0171003 92.5292 -0.198769 0.980045 0.00164964 50.3387 -0.0164312 -0.0050155 0.999852 1.19492
0.990183 0.139008 0.0146313 93.0119 -0.139004 0.990291 -0.00132917 50.2796 -0.014674 -0.000717681 0.999892 1.19834
0.997147 0.0748363 0.00990862 93.4876 -0.0748113 0.997194 -0.00287524 50.2559 -0.010096 0.00212576 0.999947 1.20203
0.999957 0.00835264 0.00403121 93.9591 -0.00832947 0.999949 -0.00573106 50.2647 -0.00407887 0.00569723 0.999975 1.20628
0.998233 -0.059423 -0.00021208 94.4249 0.0594216 0.998224 -0.00423819 50.3137 0.00046355 0.0042181 0.999991 1.20911
0.991856 -0.127315 -0.00353001 94.8843 0.127305 0.991859 -0.00292385 50.3963 0.00387352 0.00245065 0.999989 1.21229
0.980802 -0.194918 -0.00579607 95.3363 0.194896 0.980815 -0.00410918 50.5076 0.00648582 0.00290067 0.999975 1.21715
0.965359 -0.260874 -0.00519441 95.7801 0.260842 0.965362 -0.00617384 50.6473 0.00662508 0.00460505 0.999967 1.22511
0.945643 -0.325204 -0.00100281 96.2138 0.325193 0.94563 -0.00584929 50.8186 0.00285049 0.00520523 0.999982 1.23502
0.921687 -0.3879 0.00526859 96.6342 0.387923 0.921681 -0.00446139 51.0214 -0.00312539 0.00615581 0.999976 1.24631
0.894489 -0.446978 0.0100199 97.0395 0.447017 0.894523 -0.00197804 51.2558 -0.00807887 0.00624839 0.999948 1.25592
0.865052 -0.501445 0.0154429 97.4344 0.501491 0.865162 0.000964941 51.5141 -0.0138445 0.00690976 0.99988 1.2618
0.835033 -0.549892 0.0183836 97.8158 0.549886 0.835219 0.00581752 51.7981 -0.0185533 0.00525106 0.999814 1.26897
0.806082 -0.591504 0.0188457 98.1828 0.591439 0.806295 0.00942449 52.1017 -0.0207698 0.0035492 0.999778 1.27208
0.779605 -0.626058 0.0163748 98.5395 0.625848 0.779773 0.0164056 52.4319 -0.0230395 -0.00254172 0.999731 1.2684
0.755764 -0.654731 0.012219 98.8851 0.654506 0.755841 0.0180287 52.7682 -0.0210396 -0.00562805 0.999763 1.25942
0.733915 -0.679172 0.00974195 99.231 0.678953 0.733946 0.0185945 53.113 -0.0197789 -0.00703245 0.99978 1.2496
0.717347 -0.696588 0.0133609 99.5814 0.696453 0.717471 0.0136905 53.4569 -0.0191227 -0.000515616 0.999817 1.24303
0.70578 -0.708254 0.0158225 99.9298 0.708162 0.705952 0.0118032 53.8105 -0.0195296 0.00287446 0.999805 1.24151
0.69637 -0.717566 0.012937 100.275 0.717434 0.69649 0.013806 54.1799 -0.0189172 -0.000332619 0.999821 1.23442
0.689197 -0.724519 0.00892816 100.625 0.724325 0.689231 0.0177148 54.5631 -0.0189883 -0.00574207 0.999803 1.22091
0.684581 -0.72893 0.0030194 100.976 0.728722 0.684474 0.0214567 54.9539 -0.0177071 -0.0124885 0.999765 1.21367
0.682447 -0.730926 -0.00361035 101.336 0.730801 0.68222 0.0224837 55.3508 -0.0139709 -0.0179824 0.999741 1.21118
0.681774 -0.731536 -0.00625766 101.707 0.731467 0.681522 0.0219774 55.75 -0.0118125 -0.0195609 0.999739 1.21264
0.683368 -0.730039 -0.00716525 102.091 0.730018 0.68316 0.0191219 56.1526 -0.0090647 -0.018298 0.999791 1.21241
0.686464 -0.727103 -0.00938817 102.484 0.72716 0.686364 0.01191 56.5579 -0.00221612 -0.0150025 0.999885 1.20755
0.689542 -0.724148 -0.0119116 102.884 0.724239 0.689512 0.00712988 56.9715 0.00305009 -0.0135432 0.999904 1.20371
0.69272 -0.721049 -0.015069 103.294 0.721203 0.692637 0.0110067 57.4051 0.00250092 -0.0184924 0.999826 1.20632
0.696815 -0.717082 -0.0155479 103.713 0.717249 0.696608 0.0170418 57.8486 -0.00138954 -0.0230267 0.999734 1.21123
0.700382 -0.71368 -0.0112102 104.152 0.713744 0.700141 0.0192934 58.2905 -0.0059206 -0.021514 0.999751 1.21593
0.703079 -0.711095 -0.00484355 104.604 0.711014 0.702853 0.0213612 58.7362 -0.0117855 -0.0184624 0.99976 1.21922
0.705561 -0.70865 -0.00018847 105.064 0.708453 0.705359 0.0237199 59.1902 -0.0166762 -0.0168694 0.999719 1.22025
0.70786 -0.706343 0.00373056 105.53 0.706123 0.707754 0.0217751 59.6477 -0.018021 -0.0127795 0.999756 1.21612
0.708311 -0.705884 0.00494245 106.004 0.705734 0.708278 0.0168115 60.1074 -0.0153676 -0.00841972 0.999846 1.2117
0.708178 -0.706029 0.00256894 106.48 0.705971 0.708158 0.0108213 60.5749 -0.00945941 -0.00584984 0.999938 1.20783
0.707778 -0.70643 -0.00272882 106.959 0.706434 0.707763 0.00486143 61.0533 -0.00150291 -0.00536854 0.999985 1.20422
0.706125 -0.708045 -0.00777853 107.448 0.708081 0.706123 0.00351422 61.5459 0.00300437 -0.00798931 0.999964 1.20174
0.704315 -0.709869 -0.00505805 107.951 0.709887 0.70429 0.00596045 62.051 -0.000668811 -0.00778868 0.999969 1.20177
0.703044 -0.711144 0.00189985 108.468 0.711102 0.703028 0.00924437 62.5667 -0.00790972 -0.00514821 0.999955 1.20688
0.701173 -0.71297 0.00553636 108.987 0.712838 0.701162 0.0152713 63.0934 -0.0147699 -0.00676132 0.999868 1.21263
0.699795 -0.714337 0.003183 109.504 0.714196 0.699733 0.0172501 63.6274 -0.0145496 -0.00979824 0.999846 1.21255
0.698437 -0.715663 -0.00355265 110.021 0.715603 0.698292 0.017337 64.1704 -0.00992669 -0.0146511 0.999843 1.20893
0.69584 -0.718159 -0.00742252 110.551 0.718183 0.695724 0.0134722 64.7161 -0.00451117 -0.0147052 0.999882 1.20422
0.692861 -0.721018 -0.00872216 111.088 0.72107 0.692791 0.00991408 65.2719 -0.0011056 -0.0131584 0.999913 1.20213
0.690097 -0.723688 -0.00650103 111.636 0.723713 0.690033 0.00972389 65.8404 -0.00255114 -0.0114153 0.999932 1.20458
0.687464 -0.726214 -0.00261907 112.189 0.726208 0.68743 0.0079381 66.4146 -0.00396433 -0.00735914 0.999965 1.20949
0.68604 -0.727564 5.62416e-05 112.75 0.727532 0.68601 0.00937414 67.0019 -0.00685887 -0.00639012 0.999956 1.21459
0.684879 -0.728648 0.00373273 113.321 0.728596 0.684878 0.00951302 67.6048 -0.00948811 -0.00379561 0.999948 1.21461
0.684369 -0.729088 0.00837699 113.896 0.729055 0.684419 0.00698828 68.2061 -0.0108284 0.00132473 0.99994 1.21343
0.683894 -0.72953 0.00862039 114.471 0.72948 0.683948 0.00856963 68.8184 -0.0121477 0.000427687 0.999926 1.21423
0.684245 -0.729239 0.00433499 115.041 0.729178 0.684248 0.0102493 69.4346 -0.0104404 -0.00385205 0.999938 1.21455
0.684698 -0.728824 -0.00182606 115.614 0.728791 0.684637 0.0116759 70.0552 -0.00725946 -0.00932525 0.99993 1.21415
0.685245 -0.728265 -0.00833413 116.189 0.72829 0.685088 0.0157777 70.6792 -0.00578074 -0.0168812 0.999841 1.21288
0.687103 -0.726438 -0.0133172 116.769 0.726532 0.6868 0.0213873 71.3106 -0.00639032 -0.0243706 0.999683 1.21578
0.689482 -0.724164 -0.0141945 117.357 0.724245 0.689047 0.0261361 71.9405 -0.00914616 -0.0283006 0.999558 1.2211
0.691292 -0.722424 -0.0147982 117.952 0.722524 0.690855 0.0260375 72.5639 -0.00858669 -0.0286916 0.999551 1.22401
0.6928 -0.720943 -0.0164204 118.548 0.72111 0.692431 0.0232377 73.1888 -0.00538312 -0.02794 0.999595 1.22227
0.693528 -0.72035 -0.0106609 119.161 0.720402 0.693297 0.0189984 73.8207 -0.00629433 -0.0208561 0.999763 1.21298
0.69384 -0.720106 -0.00582413 119.772 0.720103 0.693724 0.014104 74.4459 -0.00611601 -0.0139799 0.999884 1.20905
0.694905 -0.719087 -0.00456677 120.378 0.719075 0.694812 0.0129308 75.0736 -0.00612531 -0.0122695 0.999906 1.20844
0.695651 -0.718355 -0.00595578 120.979 0.718336 0.695494 0.016784 75.7078 -0.00791468 -0.0159541 0.999841 1.20561
0.696309 -0.717729 -0.00431309 121.582 0.717623 0.696071 0.0223875 76.3426 -0.0130659 -0.0186838 0.99974 1.20214
0.696999 -0.717062 -0.00367498 122.185 0.716816 0.696605 0.0302499 76.9727 -0.019131 -0.0237184 0.999536 1.20325
0.697919 -0.716149 -0.00639375 122.781 0.716053 0.697604 0.0248192 77.5748 -0.013314 -0.0219001 0.999671 1.20976
0.698273 -0.715745 -0.0111355 123.378 0.715832 0.69819 0.0107618 78.1613 7.19628e-05 -0.0154858 0.99988 1.2176
0.69799 -0.715968 -0.0141238 123.978 0.71602 0.698077 -0.0018156 78.7469 0.0111594 -0.00884568 0.999899 1.22675
0.697376 -0.716638 -0.00981773 124.583 0.716685 0.697395 0.00194336 79.3516 0.00545415 -0.00839147 0.99995 1.23947
0.696416 -0.717614 0.0058805 125.195 0.717457 0.696401 0.016788 79.9692 -0.0161425 -0.00747242 0.999842 1.25361
0.695195 -0.718606 0.0175905 125.802 0.718019 0.695368 0.0302113 80.5829 -0.0339419 -0.00837239 0.999389 1.26689
0.694823 -0.719057 0.0133444 126.389 0.718586 0.694884 0.0277578 81.1761 -0.0292322 -0.00969763 0.999526 1.25925
0.6942 -0.719781 -0.000658718 126.964 0.719653 0.694059 0.0194993 81.7601 -0.013578 -0.0140105 0.99981 1.24051
0.693442 -0.720485 -0.00626794 127.546 0.720499 0.69335 0.0121499 82.3423 -0.00440793 -0.0129413 0.999907 1.22404
0.692099 -0.721789 -0.00440367 128.135 0.721798 0.692057 0.00805139 82.9277 -0.00276381 -0.00875092 0.999958 1.22424
0.690135 -0.723677 -0.00226695 128.714 0.723654 0.690079 0.0107228 83.5269 -0.00619546 -0.00904066 0.99994 1.22484
0.687582 -0.726101 -0.00281763 129.283 0.726092 0.687539 0.00895109 84.1211 -0.00456217 -0.00820048 0.999956 1.21381
0.68406 -0.729413 -0.0043834 129.848 0.729423 0.684026 0.00715087 84.7124 -0.00221758 -0.00808898 0.999965 1.19888
0.681703 -0.731593 -0.00725304 130.405 0.731622 0.681619 0.011148 85.3127 -0.00321196 -0.0129061 0.999912 1.19485
0.68005 -0.733051 -0.0129808 130.958 0.733165 0.679909 0.0139196 85.9132 -0.00137797 -0.0189831 0.999819 1.18783
0.67867 -0.734322 -0.013339 131.517 0.734434 0.678455 0.0174679 86.5139 -0.00377715 -0.0216516 0.999758 1.18689
0.677612 -0.735358 -0.00947762 132.079 0.735371 0.677363 0.020222 87.1115 -0.00845059 -0.0206722 0.999751 1.18603
0.676648 -0.736261 -0.00823342 132.636 0.736251 0.676417 0.0198697 87.705 -0.00906002 -0.0195066 0.999769 1.18505
0.674779 -0.737967 -0.0087657 133.188 0.737999 0.674625 0.0154428 88.299 -0.0054827 -0.0168895 0.999842 1.18277
0.671479 -0.740991 -0.00698662 133.736 0.741019 0.671412 0.00985901 88.8858 -0.00261454 -0.0117973 0.999927 1.17682
0.66664 -0.745359 -0.00556148 134.281 0.74538 0.666615 0.00574431 89.4851 -0.000574209 -0.0079748 0.999968 1.17591
0.661583 -0.749868 -0.00250283 134.821 0.749856 0.661544 0.00866516 90.0974 -0.00484199 -0.00760949 0.999959 1.17899
0.656858 -0.754005 0.00365328 135.36 0.75389 0.65683 0.0149625 90.715 -0.0136814 -0.00707409 0.999881 1.18319
0.653505 -0.756834 0.0115769 135.891 0.756588 0.653595 0.0197003 91.3372 -0.0224765 -0.00411524 0.999739 1.17835
0.650338 -0.759597 0.00849391 136.407 0.759183 0.650292 0.027575 91.963 -0.0264695 -0.0114847 0.999584 1.17075
0.647029 -0.762458 0.00331521 136.917 0.762155 0.646884 0.0257152 92.5827 -0.0217514 -0.0141118 0.999664 1.16104
0.641802 -0.766867 -0.00232575 137.429 0.766783 0.64168 0.0170475 93.1942 -0.0115808 -0.0127245 0.999852 1.14897
0.636788 -0.771031 -0.00365604 137.943 0.771024 0.636737 0.00939882 93.8137 -0.00491884 -0.00880395 0.999949 1.13636
0.631632 -0.775265 -0.00238205 138.457 0.775252 0.631595 0.00853822 94.4459 -0.00511489 -0.0072397 0.999961 1.13271
0.625585 -0.780135 -0.00563969 138.964 0.780105 0.625445 0.0159821 95.0942 -0.00894086 -0.0143977 0.999856 1.13691
0.619425 -0.784982 -0.0107686 139.461 0.785014 0.619193 0.0187637 95.7435 -0.00806135 -0.0200762 0.999766 1.13609
0.611647 -0.790969 -0.0159761 139.958 0.791127 0.611457 0.0154804 96.3858 -0.00247586 -0.0221077 0.999753 1.1321
0.604769 -0.796231 -0.0164353 140.455 0.796401 0.604651 0.0119505 97.0319 0.000422265 -0.0203164 0.999794 1.12456
0.598301 -0.801115 -0.0158089 140.949 0.80127 0.598161 0.0130043 97.6908 -0.000961743 -0.0204477 0.99979 1.12116
0.591972 -0.805822 -0.0148115 141.431 0.80592 0.591666 0.0205886 98.3647 -0.00782725 -0.0241247 0.999678 1.117
0.585459 -0.810574 -0.0143841 141.908 0.810587 0.584986 0.0271954 99.0449 -0.0136294 -0.0275813 0.999527 1.11602
0.579275 -0.815044 -0.0119648 142.382 0.814943 0.578763 0.0300314 99.721 -0.0175522 -0.0271471 0.999477 1.11259
0.57404 -0.818751 -0.0111549 142.853 0.818603 0.573512 0.0311866 100.397 -0.0191366 -0.0270338 0.999451 1.10679
0.570412 -0.82128 -0.0113484 143.319 0.82116 0.569917 0.029825 101.076 -0.018027 -0.0263314 0.999491 1.10184
0.566748 -0.823695 -0.0179687 143.775 0.823804 0.566239 0.0268245 101.756 -0.0119206 -0.0300054 0.999479 1.0981
0.5638 -0.82548 -0.026702 144.221 0.825887 0.563242 0.025871 102.44 -0.00631631 -0.0366389 0.999309 1.09151
0.561522 -0.826938 -0.0294335 144.671 0.827457 0.561046 0.0232704 103.126 -0.0027296 -0.0374218 0.999296 1.08295
0.55894 -0.828737 -0.027945 145.13 0.829165 0.558246 0.0291214 103.824 -0.00853376 -0.0394481 0.999185 1.0751
0.55712 -0.830057 -0.0249427 145.586 0.830239 0.556092 0.0382733 104.529 -0.0178986 -0.0420312 0.998956 1.06606
0.554379 -0.831986 -0.021538 146.043 0.831852 0.553104 0.0457986 105.231 -0.026191 -0.0433062 0.998718 1.05788
0.550436 -0.834614 -0.0209936 146.493 0.834527 0.549301 0.0428198 105.921 -0.0242062 -0.0410892 0.998862 1.04509
0.546114 -0.837544 -0.0167311 146.946 0.837561 0.545528 0.0298439 106.599 -0.0158683 -0.0303114 0.999415 1.02942
0.540354 -0.841288 -0.0158664 147.392 0.841394 0.540039 0.020314 107.284 -0.00852149 -0.0243266 0.999668 1.00918
0.534517 -0.844957 -0.0184232 147.825 0.845099 0.534094 0.0234955 107.989 -0.010013 -0.0281281 0.999554 0.994751
0.528255 -0.848963 -0.0144644 148.262 0.848954 0.527795 0.0266323 108.699 -0.0149756 -0.0263483 0.999541 0.98504
0.521929 -0.852946 -0.00859364 148.702 0.85276 0.521529 0.028426 109.411 -0.019764 -0.0221647 0.999559 0.97385
0.51696 -0.856009 -0.000296134 149.143 0.855725 0.516779 0.0259549 110.127 -0.0220646 -0.013671 0.999663 0.957721
0.51174 -0.859131 0.00403089 149.578 0.858834 0.511677 0.0243098 110.848 -0.0229478 -0.00897842 0.999696 0.945182
0.506534 -0.862209 0.00424136 150.002 0.862041 0.506523 0.0178718 111.569 -0.0175576 -0.00539645 0.999831 0.932941
0.500526 -0.865702 0.00573945 150.422 0.86569 0.500554 0.0052588 112.283 -0.00742546 0.00233641 0.99997 0.917237
0.494549 -0.869065 0.0121541 150.849 0.86915 0.494495 -0.00733257 112.998 0.000362338 0.01419 0.999899 0.907239
0.488947 -0.872196 0.0143234 151.264 0.872282 0.489004 0.000489938 113.741 -0.00743152 0.0122545 0.999897 0.900465
0.484198 -0.874875 0.0120987 151.666 0.874721 0.484343 0.016573 114.502 -0.0203592 0.00255833 0.999789 0.895761
0.479777 -0.877323 0.0109338 152.064 0.876904 0.479888 0.0273332 115.26 -0.0292271 -0.00352594 0.999567 0.891077
0.476318 -0.879212 0.0103522 152.462 0.878839 0.47642 0.0258161 116.006 -0.0276298 -0.00319875 0.999613 0.876755
0.474836 -0.880064 0.00415049 152.851 0.879906 0.474833 0.0172775 116.747 -0.0171761 -0.00455196 0.999842 0.859861
0.472514 -0.881267 -0.00997238 153.23 0.881294 0.472376 0.013436 117.496 -0.00712994 -0.0151373 0.99986 0.847636
0.470778 -0.882171 -0.0119553 153.622 0.882244 0.470676 0.0104341 118.248 -0.00357755 -0.0154597 0.999874 0.839909
0.468357 -0.883526 -0.00480714 154.031 0.883512 0.468292 0.0104458 119.001 -0.00697799 -0.00913952 0.999934 0.837819
0.46793 -0.883766 -0.000426438 154.433 0.883621 0.467844 0.0183311 119.765 -0.0160009 -0.00895446 0.999832 0.834868
0.468145 -0.883651 0.00103067 154.83 0.883369 0.468025 0.0247344 120.533 -0.022339 -0.0106689 0.999694 0.83385
0.466708 -0.88441 0.001432 155.228 0.884161 0.466614 0.0230248 121.291 -0.0210315 -0.00947974 0.999734 0.831217
0.464982 -0.885319 -0.00158716 155.622 0.885216 0.464899 0.0161551 122.044 -0.0135645 -0.00891679 0.999868 0.82759
0.46319 -0.886257 0.0016607 156.024 0.886257 0.463192 0.00141763 122.787 -0.00202561 0.000815174 0.999998 0.822809
0.461251 -0.887222 0.00919413 156.431 0.887263 0.461183 -0.00858834 123.532 0.00337958 0.012119 0.999921 0.823125
0.460148 -0.887785 0.0100835 156.826 0.887842 0.460131 -0.00409455 124.297 -0.00100464 0.0108366 0.999941 0.828013
0.45892 -0.88842 0.0100996 157.216 0.888417 0.458992 0.0064946 125.068 -0.0104056 0.00599215 0.999928 0.838199
0.457335 -0.889231 0.0106718 157.601 0.889147 0.457445 0.0126955 125.828 -0.016171 0.00368274 0.999862 0.843721
0.45652 -0.889649 0.0107018 157.988 0.889627 0.456611 0.00839398 126.574 -0.0123542 0.00568855 0.999907 0.842048
0.456528 -0.889679 0.00734032 158.373 0.889689 0.456558 0.00293701 127.317 -0.00596427 0.00518978 0.999969 0.838568
0.456336 -0.889807 0.000539306 158.746 0.889797 0.456334 0.00443392 128.07 -0.00419143 -0.00154349 0.99999 0.837889
0.45591 -0.890026 -0.000249171 159.126 0.889986 0.455887 0.0095805 128.823 -0.0084133 -0.00458961 0.999954 0.841207
0.455137 -0.890419 -0.00193889 159.504 0.890348 0.455071 0.013846 129.572 -0.0114464 -0.00802812 0.999902 0.845167
0.454811 -0.890582 -0.00324869 159.88 0.890472 0.454689 0.0178245 130.321 -0.014397 -0.0109996 0.999836 0.843411
0.454343 -0.890801 -0.00681376 160.25 0.890712 0.454148 0.0195141 131.067 -0.0142887 -0.0149352 0.999786 0.841226
0.453837 -0.891061 -0.00641902 160.621 0.891002 0.453686 0.0168648 131.806 -0.0121154 -0.0133732 0.999837 0.839592
0.452993 -0.891446 -0.0109976 160.983 0.891492 0.45286 0.012609 132.536 -0.00625988 -0.015516 0.99986 0.834861
0.451892 -0.891984 -0.0125562 161.343 0.892058 0.451758 0.0121378 133.267 -0.00515431 -0.0166858 0.999847 0.828454
0.454407 -0.890701 -0.0128984 161.667 0.890783 0.454281 0.0116399 133.901 -0.00450817 -0.0167789 0.999849 0.822129
0.457095 -0.88932 -0.0131985 161.989 0.88941 0.456976 0.0111262 134.531 -0.00386334 -0.0168246 0.999851 0.815813
0.459778 -0.887931 -0.013502 162.311 0.888028 0.459667 0.0106143 135.161 -0.00321832 -0.0168704 0.999852 0.809494
0.462457 -0.886534 -0.0138086 162.633 0.886638 0.462354 0.0101044 135.791 -0.00257346 -0.0169161 0.999854 0.803177
0.465131 -0.885129 -0.0141184 162.955 0.88524 0.465036 0.00959657 136.421 -0.00192865 -0.0169618 0.999854 0.79686
0.467801 -0.883716 -0.0144314 163.277 0.883833 0.467715 0.00909056 137.051 -0.00128368 -0.0170075 0.999855 0.790541
